000060	(312.833, 215.434)	1
000060	(647.778, 286.828)	2
000060	(882.768, 284.045)	3
000061	(312.816, 218.071)	1
000061	(644.974, 284.205)	2
000061	(882.658, 284.088)	3
000062	(312.849, 215.469)	1
000062	(639.356, 284.192)	2
000062	(879.910, 284.158)	3
000063	(312.850, 218.181)	1
000063	(639.325, 284.206)	2
000063	(879.861, 284.183)	3
000064	(312.837, 218.179)	1
000064	(636.460, 286.841)	2
000064	(879.838, 284.205)	3
000065	(312.814, 218.084)	1
000065	(636.399, 286.851)	2
000065	(879.754, 286.817)	3
000066	(312.784, 215.452)	1
000066	(633.634, 286.855)	2
000066	(877.016, 286.855)	3
000067	(312.770, 215.436)	1
000067	(630.834, 286.857)	2
000067	(874.155, 286.854)	3
000068	(312.784, 215.471)	1
000068	(630.732, 286.891)	2
000068	(874.114, 286.848)	3
000069	(312.752, 218.226)	1
000069	(630.627, 286.870)	2
000069	(874.111, 286.879)	3
000070	(312.758, 218.185)	1
000070	(630.576, 286.871)	2
000070	(871.336, 286.888)	3
000071	(312.835, 218.095)	1
000071	(630.570, 286.912)	2
000071	(871.299, 286.877)	3
000072	(312.850, 218.074)	1
000072	(627.951, 286.903)	2
000072	(871.266, 286.866)	3
000073	(312.830, 215.397)	1
000073	(627.895, 286.943)	2
000073	(868.446, 286.858)	3
000074	(312.834, 215.390)	1
000074	(627.857, 286.984)	2
000074	(868.425, 286.876)	3
000075	(312.852, 215.437)	1
000075	(627.849, 287.013)	2
000075	(868.478, 286.885)	3
000076	(315.559, 215.473)	1
000076	(627.850, 287.085)	2
000076	(868.429, 286.949)	3
000077	(315.553, 215.434)	1
000077	(627.842, 289.774)	2
000077	(868.475, 287.018)	3
000078	(312.820, 215.344)	1
000078	(627.847, 289.815)	2
000078	(868.408, 289.763)	3
000079	(312.796, 215.331)	1
000079	(627.869, 289.891)	2
000079	(868.403, 289.855)	3
000080	(312.785, 215.344)	1
000080	(627.904, 292.645)	2
000080	(868.489, 289.901)	3
000081	(312.781, 215.417)	1
000081	(627.891, 292.724)	2
000081	(871.277, 289.939)	3
000082	(312.787, 215.442)	1
000082	(627.923, 292.694)	2
000082	(871.296, 292.649)	3
000083	(312.808, 215.459)	1
000083	(630.584, 292.755)	2
000083	(871.293, 289.900)	3
000084	(312.806, 215.419)	1
000084	(630.619, 295.528)	2
000084	(874.137, 289.829)	3
000085	(312.766, 215.373)	1
000085	(630.634, 292.711)	2
000085	(876.963, 287.090)	3
000086	(312.758, 215.354)	1
000086	(630.709, 289.873)	2
000086	(877.051, 286.927)	3
000087	(312.793, 215.390)	1
000087	(630.788, 289.847)	2
000087	(879.760, 286.856)	3
000088	(312.806, 215.403)	1
000088	(630.850, 287.082)	2
000088	(879.769, 286.849)	3
000089	(312.822, 215.380)	1
000089	(633.528, 287.000)	2
000089	(879.828, 286.811)	3
000090	(315.573, 215.324)	1
000090	(633.580, 286.913)	2
000090	(879.902, 286.859)	3
000091	(312.823, 215.339)	1
000091	(633.635, 287.006)	2
000091	(880.004, 286.936)	3
000092	(312.817, 215.347)	1
000092	(636.437, 287.081)	2
000092	(882.653, 287.111)	3
000093	(312.811, 215.387)	1
000093	(642.169, 287.123)	2
000093	(882.824, 289.908)	3
000094	(312.778, 215.460)	1
000094	(645.035, 289.826)	2
000094	(882.879, 289.910)	3
000095	(312.801, 218.115)	1
000095	(647.860, 292.673)	2
000095	(882.894, 292.758)	3
000096	(312.823, 215.467)	1
000096	(647.891, 292.693)	2
000096	(882.913, 301.251)	3
000097	(312.828, 215.441)	1
000097	(650.618, 295.588)	2
000097	(885.634, 304.122)	3
000098	(312.830, 218.082)	1
000098	(650.644, 301.244)	2
000098	(888.461, 304.160)	3
000099	(312.825, 218.146)	1
000099	(650.711, 304.059)	2
000099	(888.483, 304.175)	3
000100	(315.566, 218.104)	1
000100	(650.754, 304.113)	2
000100	(891.357, 304.083)	3
000101	(312.832, 215.438)	1
000101	(650.775, 304.129)	2
000101	(894.205, 298.382)	3
000102	(312.809, 215.391)	1
000102	(650.816, 304.178)	2
000102	(894.197, 292.662)	3
000103	(312.787, 215.422)	1
000103	(650.813, 304.042)	2
000103	(891.420, 289.846)	3
000104	(312.796, 215.436)	1
000104	(650.755, 298.355)	2
000104	(888.517, 287.005)	3
000105	(312.773, 218.177)	1
000105	(650.788, 292.669)	2
000105	(885.751, 284.162)	3
000106	(312.754, 218.128)	1
000106	(650.695, 289.822)	2
000106	(885.668, 284.075)	3
000107	(312.817, 215.447)	1
000107	(650.617, 287.016)	2
000107	(882.920, 284.022)	3
000108	(312.830, 215.390)	1
000108	(647.941, 286.856)	2
000108	(882.860, 284.037)	3
000109	(312.848, 215.371)	1
000109	(647.838, 284.213)	2
000109	(882.770, 284.044)	3
000110	(312.830, 215.373)	1
000110	(644.972, 284.211)	2
000110	(882.667, 284.083)	3
000111	(315.548, 215.421)	1
000111	(642.166, 284.169)	2
000111	(879.938, 284.163)	3
000112	(315.558, 215.446)	1
000112	(639.261, 284.215)	2
000112	(879.847, 284.200)	3
000113	(315.560, 215.435)	1
000113	(636.456, 286.823)	2
000113	(879.836, 284.227)	3
000114	(312.830, 215.354)	1
000114	(636.384, 286.834)	2
000114	(879.761, 286.819)	3
000115	(312.790, 215.336)	1
000115	(633.613, 286.890)	2
000115	(877.023, 286.859)	3
000116	(312.777, 215.334)	1
000116	(630.824, 286.840)	2
000116	(874.197, 286.873)	3
000117	(312.784, 215.377)	1
000117	(630.752, 286.907)	2
000117	(874.109, 286.834)	3
000118	(312.807, 215.421)	1
000118	(630.602, 286.876)	2
000118	(874.126, 286.878)	3
000119	(312.816, 218.089)	1
000119	(630.581, 286.874)	2
000119	(871.338, 286.906)	3
000120	(312.835, 215.379)	1
000120	(627.967, 286.932)	2
000120	(871.269, 286.872)	3
000121	(312.799, 215.325)	1
000121	(627.948, 286.969)	2
000121	(871.261, 286.886)	3
000122	(312.778, 215.378)	1
000122	(627.883, 286.986)	2
000122	(868.427, 286.873)	3
000123	(312.806, 215.362)	1
000123	(627.829, 286.982)	2
000123	(868.409, 286.877)	3
000124	(312.818, 215.377)	1
000124	(627.833, 287.035)	2
000124	(868.456, 286.889)	3
000125	(312.851, 215.409)	1
000125	(627.847, 287.120)	2
000125	(865.653, 286.957)	3
000126	(315.562, 215.288)	1
000126	(627.817, 289.839)	2
000126	(868.467, 287.026)	3
000127	(312.818, 215.319)	1
000127	(627.854, 289.842)	2
000127	(868.412, 289.769)	3
000128	(312.796, 215.331)	1
000128	(627.881, 289.882)	2
000128	(868.408, 289.874)	3
000129	(312.778, 215.374)	1
000129	(627.907, 289.936)	2
000129	(868.470, 289.933)	3
000130	(312.772, 215.410)	1
000130	(627.893, 292.732)	2
000130	(868.487, 292.661)	3
000131	(312.778, 218.125)	1
000131	(627.936, 292.678)	2
000131	(871.293, 292.684)	3
000132	(312.809, 215.439)	1
000132	(630.590, 292.745)	2
000132	(871.275, 289.910)	3
000133	(312.793, 215.450)	1
000133	(630.623, 295.535)	2
000133	(874.127, 289.814)	3
000134	(312.806, 218.104)	1
000134	(630.632, 292.709)	2
000134	(876.972, 287.079)	3
000135	(312.810, 218.184)	1
000135	(630.691, 289.879)	2
000135	(877.047, 286.937)	3
000136	(315.555, 218.100)	1
000136	(630.795, 289.851)	2
000136	(879.773, 286.858)	3
000137	(312.816, 215.408)	1
000137	(630.837, 287.085)	2
000137	(879.774, 286.833)	3
000138	(312.799, 215.398)	1
000138	(633.540, 287.028)	2
000138	(879.845, 284.230)	3
000139	(312.786, 215.392)	1
000139	(633.562, 286.924)	2
000139	(879.899, 286.858)	3
000140	(312.779, 215.429)	1
000140	(633.623, 286.991)	2
000140	(880.008, 286.962)	3
000141	(312.736, 218.191)	1
000141	(636.449, 287.069)	2
000141	(882.662, 287.115)	3
000142	(312.751, 218.107)	1
000142	(642.178, 289.765)	2
000142	(882.828, 289.898)	3
000143	(312.824, 218.097)	1
000143	(645.051, 289.866)	2
000143	(882.863, 289.923)	3
000144	(312.840, 215.409)	1
000144	(647.878, 292.679)	2
000144	(882.898, 292.740)	3
000145	(312.845, 215.385)	1
000145	(647.905, 292.680)	2
000145	(882.926, 301.256)	3
000146	(312.834, 215.380)	1
000146	(650.623, 295.589)	2
000146	(885.626, 304.123)	3
000147	(312.838, 215.435)	1
000147	(650.649, 301.238)	2
000147	(888.509, 304.191)	3
000148	(315.554, 215.455)	1
000148	(650.728, 304.051)	2
000148	(888.539, 304.190)	3
000149	(312.852, 215.458)	1
000149	(650.754, 304.110)	2
000149	(891.399, 304.066)	3
000150	(312.833, 215.370)	1
000150	(650.797, 304.142)	2
000150	(894.180, 298.394)	3
000151	(312.809, 215.347)	1
000151	(650.823, 304.159)	2
000151	(894.223, 292.676)	3
000152	(312.778, 215.342)	1
000152	(650.825, 304.051)	2
000152	(891.405, 289.854)	3
000153	(312.778, 215.394)	1
000153	(650.756, 295.602)	2
000153	(888.497, 286.991)	3
000154	(312.795, 215.443)	1
000154	(650.796, 292.682)	2
000154	(885.742, 284.174)	3
000155	(312.811, 218.088)	1
000155	(650.708, 289.812)	2
000155	(885.657, 284.078)	3
000156	(312.837, 215.397)	1
000156	(650.619, 287.000)	2
000156	(882.916, 284.032)	3
000157	(312.785, 215.350)	1
000157	(650.581, 286.865)	2
000157	(882.858, 284.043)	3
000158	(312.753, 215.361)	1
000158	(647.822, 284.222)	2
000158	(882.780, 284.049)	3
000159	(312.780, 215.385)	1
000159	(644.983, 284.220)	2
000159	(882.680, 284.090)	3
000160	(312.790, 215.415)	1
000160	(642.131, 284.204)	2
000160	(879.932, 284.179)	3
000161	(312.818, 215.405)	1
000161	(639.273, 286.823)	2
000161	(879.857, 284.228)	3
000162	(315.565, 215.296)	1
000162	(636.457, 286.838)	2
000162	(879.833, 284.233)	3
000163	(312.803, 215.302)	1
000163	(636.408, 286.840)	2
000163	(879.762, 286.833)	3
000164	(312.792, 215.332)	1
000164	(633.627, 286.898)	2
000164	(877.013, 286.844)	3
000165	(312.759, 215.372)	1
000165	(630.816, 286.877)	2
000165	(874.167, 286.864)	3
000166	(312.766, 215.430)	1
000166	(630.758, 286.911)	2
000166	(874.112, 286.840)	3
000167	(312.792, 218.102)	1
000167	(630.671, 286.906)	2
000167	(874.111, 286.866)	3
000168	(312.795, 215.437)	1
000168	(630.585, 286.881)	2
000168	(871.335, 286.896)	3
000169	(312.792, 215.406)	1
000169	(630.574, 286.933)	2
000169	(871.290, 286.873)	3
000170	(312.810, 218.095)	1
000170	(627.945, 286.955)	2
000170	(871.259, 286.876)	3
000171	(312.805, 218.187)	1
000171	(627.880, 286.966)	2
000171	(868.456, 286.889)	3
000172	(312.842, 218.121)	1
000172	(627.839, 286.998)	2
000172	(868.418, 286.825)	3
000173	(312.823, 215.431)	1
000173	(627.831, 287.042)	2
000173	(868.462, 286.907)	3
000174	(312.792, 215.365)	1
000174	(627.839, 289.768)	2
000174	(865.653, 286.964)	3
000175	(312.775, 215.411)	1
000175	(627.831, 289.801)	2
000175	(868.478, 287.034)	3
000176	(312.784, 215.416)	1
000176	(627.849, 289.818)	2
000176	(865.671, 289.772)	3
000177	(312.733, 218.175)	1
000177	(627.875, 289.863)	2
000177	(868.410, 289.886)	3
000178	(312.741, 218.132)	1
000178	(627.896, 292.640)	2
000178	(868.473, 292.634)	3
000179	(312.820, 218.093)	1
000179	(627.881, 292.746)	2
000179	(868.498, 292.680)	3
000180	(312.825, 215.405)	1
000180	(627.929, 292.695)	2
000180	(871.336, 292.700)	3
000181	(312.843, 215.372)	1
000181	(630.582, 292.738)	2
000181	(871.308, 289.909)	3
000182	(312.831, 215.371)	1
000182	(630.623, 295.511)	2
000182	(874.124, 289.850)	3
000183	(312.849, 215.454)	1
000183	(630.634, 292.686)	2
000183	(876.950, 287.094)	3
000184	(312.852, 215.450)	1
000184	(630.697, 289.871)	2
000184	(877.025, 286.943)	3
000185	(315.575, 215.409)	1
000185	(630.796, 289.849)	2
000185	(879.756, 286.851)	3
000186	(312.819, 215.336)	1
000186	(630.852, 287.071)	2
000186	(879.782, 286.829)	3
000187	(312.804, 215.317)	1
000187	(633.531, 287.014)	2
000187	(879.840, 284.219)	3
000188	(312.782, 215.324)	1
000188	(633.560, 286.934)	2
000188	(879.901, 286.869)	3
000189	(312.789, 215.413)	1
000189	(633.656, 287.014)	2
000189	(880.010, 286.969)	3
000190	(312.830, 215.426)	1
000190	(636.449, 287.068)	2
000190	(882.665, 287.119)	3
000191	(312.817, 218.099)	1
000191	(642.199, 287.086)	2
000191	(882.826, 289.920)	3
000192	(312.827, 215.391)	1
000192	(645.051, 289.851)	2
000192	(882.863, 289.929)	3
000193	(312.781, 215.340)	1
000193	(647.852, 292.675)	2
000193	(882.888, 295.497)	3
000194	(312.770, 215.371)	1
000194	(647.905, 292.719)	2
000194	(882.906, 301.235)	3
000195	(312.780, 215.383)	1
000195	(650.626, 295.608)	2
000195	(885.646, 304.145)	3
000196	(312.799, 215.424)	1
000196	(650.643, 301.237)	2
000196	(888.517, 304.169)	3
000197	(312.829, 215.414)	1
000197	(650.729, 304.069)	2
000197	(888.530, 304.184)	3
000198	(315.580, 215.302)	1
000198	(650.774, 304.137)	2
000198	(891.377, 304.089)	3
000199	(312.819, 215.314)	1
000199	(650.817, 304.161)	2
000199	(894.233, 298.419)	3
000200	(312.793, 215.351)	1
000200	(650.838, 306.831)	2
000200	(894.200, 292.695)	3
000201	(312.774, 215.378)	1
000201	(650.824, 304.077)	2
000201	(891.428, 289.868)	3
000202	(312.771, 215.435)	1
000202	(650.781, 298.381)	2
000202	(888.498, 286.994)	3
000203	(312.779, 218.127)	1
000203	(650.803, 292.664)	2
000203	(885.756, 284.201)	3
000204	(312.799, 215.447)	1
000204	(650.700, 289.810)	2
000204	(885.670, 284.073)	3
000205	(312.796, 215.457)	1
000205	(650.604, 287.024)	2
000205	(882.914, 284.046)	3
000206	(312.808, 218.109)	1
000206	(647.943, 286.869)	2
000206	(882.866, 284.046)	3
000207	(312.781, 218.199)	1
000207	(647.838, 286.821)	2
000207	(882.772, 284.041)	3
000208	(312.841, 218.111)	1
000208	(644.978, 286.835)	2
000208	(882.675, 284.074)	3
000209	(312.808, 215.424)	1
000209	(642.143, 284.193)	2
000209	(879.936, 284.167)	3
000210	(312.814, 215.397)	1
000210	(642.133, 284.182)	2
000210	(879.960, 286.833)	3
000211	(312.779, 215.414)	1
000211	(639.244, 286.813)	2
000211	(879.953, 286.911)	3
000212	(312.773, 215.411)	1
000212	(639.266, 286.987)	2
000212	(879.977, 286.985)	3
000213	(312.739, 218.172)	1
000213	(636.413, 287.059)	2
000213	(880.015, 287.063)	3
000214	(312.759, 218.126)	1
000214	(636.448, 287.086)	2
000214	(882.678, 287.099)	3
000215	(312.821, 218.092)	1
000215	(636.424, 289.831)	2
000215	(882.705, 289.765)	3
000216	(312.855, 215.464)	1
000216	(636.421, 289.884)	2
000216	(882.787, 289.825)	3
000217	(312.852, 215.423)	1
000217	(636.463, 289.891)	2
000217	(882.849, 289.854)	3
000218	(312.847, 215.454)	1
000218	(636.468, 289.903)	2
000218	(882.873, 289.870)	3
000219	(312.848, 215.463)	1
000219	(636.479, 289.906)	2
000219	(882.872, 289.867)	3
000220	(312.844, 218.101)	1
000220	(636.473, 289.913)	2
000220	(882.872, 289.865)	3
000221	(315.564, 215.416)	1
000221	(636.477, 289.914)	2
000221	(882.875, 289.865)	3
000222	(312.822, 215.370)	1
000222	(636.480, 289.908)	2
000222	(882.876, 289.859)	3
000223	(312.820, 215.355)	1
000223	(636.479, 289.882)	2
000223	(882.876, 289.859)	3
000224	(312.793, 215.342)	1
000224	(636.437, 289.910)	2
000224	(882.883, 289.856)	3
000225	(312.765, 215.420)	1
000225	(636.450, 289.906)	2
000225	(882.880, 289.854)	3
000226	(312.772, 218.075)	1
000226	(636.420, 289.914)	2
000226	(882.884, 289.853)	3
000227	(312.808, 218.099)	1
000227	(636.406, 289.908)	2
000227	(882.892, 289.847)	3
000228	(312.803, 215.421)	1
000228	(636.400, 289.913)	2
000228	(882.891, 289.845)	3
000229	(312.767, 215.387)	1
000229	(636.385, 289.914)	2
000229	(882.891, 289.847)	3
000230	(312.748, 215.394)	1
000230	(636.378, 289.915)	2
000230	(882.895, 289.855)	3
000231	(312.784, 215.406)	1
000231	(633.686, 289.922)	2
000231	(882.893, 289.856)	3
000232	(312.783, 215.443)	1
000232	(633.687, 289.923)	2
000232	(882.888, 289.867)	3
000233	(312.816, 215.436)	1
000233	(633.685, 289.923)	2
000233	(882.887, 289.868)	3
000234	(315.548, 215.323)	1
000234	(633.683, 289.925)	2
000234	(882.885, 289.870)	3
000235	(312.781, 215.358)	1
000235	(633.660, 289.925)	2
000235	(882.886, 289.877)	3
000236	(312.786, 215.368)	1
000236	(633.665, 289.923)	2
000236	(882.889, 289.876)	3
000237	(312.767, 215.403)	1
000237	(633.670, 289.921)	2
000237	(882.891, 289.872)	3
000238	(312.772, 215.453)	1
000238	(633.662, 289.924)	2
000238	(882.895, 289.874)	3
000239	(312.759, 218.131)	1
000239	(633.654, 289.921)	2
000239	(882.894, 289.874)	3
000240	(312.793, 215.463)	1
000240	(633.647, 289.940)	2
000240	(882.888, 289.869)	3
000241	(312.787, 215.451)	1
000241	(633.644, 289.940)	2
000241	(882.886, 289.868)	3
000242	(312.797, 218.135)	1
000242	(633.643, 292.632)	2
000242	(882.884, 289.869)	3
000243	(312.787, 218.225)	1
000243	(633.641, 292.640)	2
000243	(882.887, 289.862)	3
000244	(312.845, 218.149)	1
000244	(633.636, 292.646)	2
000244	(882.892, 289.863)	3
000245	(312.809, 218.075)	1
000245	(633.631, 292.635)	2
000245	(882.895, 289.864)	3
000246	(312.788, 215.444)	1
000246	(633.625, 292.635)	2
000246	(882.891, 289.867)	3
000247	(312.786, 215.444)	1
000247	(633.622, 292.638)	2
000247	(882.880, 289.866)	3
000248	(312.774, 215.440)	1
000248	(633.622, 292.635)	2
000248	(882.871, 289.864)	3
000249	(312.766, 218.186)	1
000249	(633.613, 292.633)	2
000249	(882.867, 289.863)	3
000250	(312.770, 218.157)	1
000250	(633.602, 292.638)	2
000250	(882.862, 289.862)	3
000251	(312.829, 218.119)	1
000251	(633.596, 292.635)	2
000251	(882.859, 289.858)	3
000252	(312.836, 218.093)	1
000252	(633.596, 292.643)	2
000252	(882.852, 289.859)	3
000253	(312.844, 215.412)	1
000253	(633.595, 292.639)	2
000253	(882.850, 289.861)	3
000254	(312.824, 215.437)	1
000254	(633.593, 292.645)	2
000254	(882.850, 289.864)	3
000255	(312.844, 218.089)	1
000255	(633.594, 292.649)	2
000255	(882.843, 289.865)	3
000256	(312.843, 218.108)	1
000256	(633.595, 292.653)	2
000256	(882.836, 289.860)	3
000257	(312.839, 215.418)	1
000257	(633.598, 292.654)	2
000257	(882.830, 289.863)	3
000258	(312.809, 215.379)	1
000258	(633.606, 292.651)	2
000258	(882.825, 289.863)	3
000259	(312.791, 215.382)	1
000259	(633.611, 292.649)	2
000259	(882.822, 289.859)	3
000260	(312.772, 215.390)	1
000260	(633.610, 292.654)	2
000260	(882.818, 289.862)	3
000261	(312.768, 215.421)	1
000261	(633.618, 292.647)	2
000261	(882.814, 289.868)	3
000262	(312.784, 215.446)	1
000262	(633.619, 292.662)	2
000262	(882.813, 289.865)	3
000263	(312.805, 218.109)	1
000263	(633.626, 292.669)	2
000263	(882.814, 289.869)	3
000264	(312.800, 215.399)	1
000264	(633.637, 292.679)	2
000264	(882.803, 289.872)	3
000265	(312.776, 215.372)	1
000265	(633.640, 292.674)	2
000265	(882.804, 289.876)	3
000266	(312.745, 215.394)	1
000266	(633.657, 292.661)	2
000266	(882.807, 289.874)	3
000267	(312.773, 215.399)	1
000267	(633.670, 292.660)	2
000267	(882.807, 289.875)	3
000268	(312.773, 215.436)	1
000268	(633.674, 292.640)	2
000268	(882.806, 289.875)	3
000269	(312.819, 215.443)	1
000269	(633.662, 292.637)	2
000269	(882.798, 289.872)	3
000270	(315.556, 215.310)	1
000270	(636.386, 289.941)	2
000270	(882.782, 289.867)	3
000271	(312.801, 215.358)	1
000271	(636.389, 289.939)	2
000271	(882.730, 289.824)	3
000272	(312.782, 215.373)	1
000272	(636.399, 289.936)	2
000272	(882.691, 289.815)	3
000273	(312.759, 215.411)	1
000273	(636.397, 289.936)	2
000273	(882.692, 289.817)	3
000274	(312.751, 215.468)	1
000274	(636.408, 289.932)	2
000274	(882.711, 289.806)	3
000275	(312.787, 218.140)	1
000275	(636.410, 289.932)	2
000275	(882.736, 289.791)	3
000276	(312.787, 218.102)	1
000276	(636.421, 289.932)	2
000276	(882.771, 289.767)	3
000277	(312.773, 218.079)	1
000277	(636.428, 289.936)	2
000277	(882.820, 287.128)	3
000278	(312.822, 218.117)	1
000278	(636.432, 289.933)	2
000278	(882.946, 287.128)	3
000279	(312.818, 218.241)	1
000279	(636.428, 289.928)	2
000279	(885.610, 287.111)	3
000280	(315.549, 218.127)	1
000280	(636.423, 289.932)	2
000280	(885.611, 287.078)	3
000281	(312.802, 215.461)	1
000281	(636.425, 289.937)	2
000281	(885.596, 287.055)	3
000282	(312.786, 215.421)	1
000282	(636.433, 289.938)	2
000282	(882.867, 287.079)	3
000283	(312.760, 215.461)	1
000283	(636.436, 292.642)	2
000283	(882.818, 289.815)	3
000284	(312.768, 215.471)	1
000284	(636.434, 292.646)	2
000284	(882.653, 289.919)	3
000285	(312.742, 218.176)	1
000285	(636.424, 292.645)	2
000285	(879.871, 292.646)	3
000286	(312.751, 218.168)	1
000286	(636.458, 289.937)	2
000286	(877.028, 292.739)	3
000287	(312.808, 218.100)	1
000287	(639.259, 289.896)	2
000287	(865.658, 289.891)	3
000288	(312.851, 218.112)	1
000288	(636.506, 289.894)	2
000288	(862.699, 289.846)	3
000289	(312.840, 215.407)	1
000289	(636.448, 289.906)	2
000289	(859.822, 287.019)	3
000290	(312.839, 215.420)	1
000290	(636.401, 289.926)	2
000290	(856.977, 286.831)	3
000291	(312.855, 218.098)	1
000291	(633.672, 289.901)	2
000291	(854.160, 283.991)	3
000292	(312.845, 218.118)	1
000292	(633.681, 289.901)	2
000292	(845.544, 281.113)	3
000293	(315.554, 215.466)	1
000293	(636.480, 289.916)	2
000293	(839.839, 269.806)	3
000294	(312.846, 215.422)	1
000294	(642.132, 289.920)	2
000294	(837.064, 266.923)	3
000295	(312.821, 215.392)	1
000295	(647.860, 289.923)	2
000295	(836.892, 264.174)	3
000296	(312.798, 215.374)	1
000296	(650.731, 289.887)	2
000296	(834.124, 264.200)	3
000297	(312.796, 215.425)	1
000297	(653.533, 292.707)	2
000297	(833.910, 264.137)	3
000298	(312.805, 215.456)	1
000298	(653.781, 295.519)	2
000298	(822.632, 264.167)	3
000299	(312.808, 218.104)	1
000299	(665.040, 298.444)	2
000299	(816.922, 266.861)	3
000300	(312.821, 215.387)	1
000300	(673.593, 301.296)	2
000300	(814.071, 266.865)	3
000301	(312.788, 215.358)	1
000301	(676.599, 298.453)	2
000301	(811.270, 266.854)	3
000302	(312.761, 215.371)	1
000302	(685.184, 298.363)	2
000302	(811.055, 264.104)	3
000303	(312.783, 215.389)	1
000303	(696.515, 295.547)	2
000303	(805.390, 261.258)	3
000304	(312.784, 215.421)	1
000304	(699.534, 289.891)	2
000304	(793.988, 261.028)	3
000305	(312.824, 215.428)	1
000305	(710.877, 287.007)	2
000305	(788.359, 252.525)	3
000306	(315.562, 215.304)	1
000306	(719.336, 284.166)	2
000306	(788.103, 243.932)	3
000307	(312.801, 215.352)	1
000307	(719.494, 284.095)	2
000307	(779.595, 238.372)	3
000308	(312.787, 215.366)	1
000308	(719.581, 284.136)	2
000308	(768.341, 238.132)	3
000309	(312.773, 215.398)	1
000309	(765.454, 229.670)	3
000310	(312.786, 218.095)	1
000310	(765.221, 226.817)	3
000311	(312.815, 218.127)	1
000311	(748.244, 229.608)	3
000312	(312.786, 218.082)	1
000312	(745.241, 226.844)	3
000313	(312.776, 215.457)	1
000313	(742.354, 232.484)	3
000314	(312.793, 218.115)	1
000314	(736.642, 232.464)	3
000315	(312.813, 218.197)	1
000315	(722.503, 232.451)	3
000316	(312.825, 218.149)	1
000316	(719.602, 229.633)	3
000316	(788.270, 281.231)	2
000317	(312.777, 218.097)	1
000317	(713.714, 226.851)	3
000317	(791.039, 281.229)	2
000318	(312.802, 218.073)	1
000318	(699.613, 223.961)	3
000318	(796.825, 278.293)	2
000319	(312.772, 218.107)	1
000319	(699.398, 218.335)	3
000319	(811.111, 272.612)	2
000320	(312.773, 215.460)	1
000320	(693.760, 215.449)	3
000320	(814.135, 269.763)	2
000321	(312.746, 218.220)	1
000321	(687.968, 212.405)	3
000321	(831.239, 264.138)	2
000322	(312.746, 218.173)	1
000322	(682.324, 203.870)	3
000322	(842.676, 261.298)	2
000323	(312.801, 218.091)	1
000323	(679.406, 198.128)	3
000323	(859.857, 258.337)	2
000324	(312.850, 218.121)	1
000324	(676.676, 195.299)	3
000324	(879.774, 249.737)	2
000325	(312.834, 215.449)	1
000325	(676.456, 195.163)	3
000325	(885.727, 241.174)	2
000326	(312.846, 215.438)	1
000326	(673.803, 192.499)	3
000326	(905.593, 238.287)	2
000327	(315.550, 218.115)	1
000327	(673.798, 192.324)	3
000327	(922.913, 238.300)	2
000328	(312.842, 218.126)	1
000328	(673.730, 189.610)	3
000328	(940.012, 241.029)	2
000329	(312.831, 215.425)	1
000329	(673.633, 186.704)	3
000329	(951.415, 238.375)	2
000330	(312.831, 215.403)	1
000330	(673.661, 189.498)	3
000330	(965.803, 240.997)	2
000331	(312.820, 215.407)	1
000331	(673.715, 183.881)	3
000331	(971.643, 241.042)	2
000332	(312.800, 215.390)	1
000332	(673.729, 178.116)	3
000332	(980.231, 241.023)	2
000333	(312.807, 215.411)	1
000333	(673.698, 175.339)	3
000333	(994.602, 241.014)	2
000334	(1005.976, 238.130)	2
000334	(312.804, 215.436)	1
000334	(673.614, 175.214)	3
000335	(1020.359, 235.376)	2
000335	(312.819, 218.090)	1
000335	(673.577, 175.218)	3
000336	(1028.891, 221.182)	2
000336	(312.816, 215.400)	1
000336	(673.578, 175.214)	3
000337	(1040.400, 218.153)	2
000337	(312.785, 215.396)	1
000337	(673.567, 172.533)	3
000338	(1054.628, 215.334)	2
000338	(312.743, 215.370)	1
000338	(673.510, 172.479)	3
000339	(1063.312, 215.234)	2
000339	(312.769, 215.372)	1
000339	(670.803, 172.517)	3
000340	(1068.964, 209.637)	2
000340	(312.759, 215.433)	1
000340	(670.772, 172.501)	3
000341	(1086.254, 212.492)	2
000341	(312.821, 215.448)	1
000341	(670.728, 175.206)	3
000342	(1091.854, 209.646)	2
000342	(315.553, 215.299)	1
000342	(670.688, 175.267)	3
000343	(1100.444, 209.534)	2
000343	(312.813, 215.370)	1
000343	(667.930, 175.318)	3
000344	(1106.253, 203.900)	2
000344	(312.792, 215.372)	1
000344	(667.890, 175.309)	3
000345	(1109.203, 201.087)	2
000345	(312.782, 215.434)	1
000345	(665.091, 175.319)	3
000346	(1109.148, 201.000)	2
000346	(312.768, 218.084)	1
000346	(662.262, 175.358)	3
000347	(1109.068, 198.259)	2
000347	(312.789, 218.085)	1
000347	(665.031, 175.354)	3
000348	(1109.106, 200.984)	2
000348	(312.805, 215.471)	1
000348	(662.256, 178.075)	3
000349	(1109.193, 201.037)	2
000349	(312.787, 215.442)	1
000349	(662.251, 178.067)	3
000350	(1109.176, 203.835)	2
000350	(312.794, 215.468)	1
000350	(662.225, 178.066)	3
000351	(1111.891, 203.909)	2
000351	(312.800, 218.177)	1
000351	(662.223, 178.055)	3
000352	(1112.079, 206.795)	2
000352	(312.814, 218.097)	1
000352	(662.181, 178.061)	3
000353	(1117.643, 209.585)	2
000353	(312.806, 215.459)	1
000353	(662.167, 178.083)	3
000354	(1117.672, 209.643)	2
000354	(312.799, 215.422)	1
000354	(662.163, 178.058)	3
000355	(1117.695, 209.648)	2
000355	(312.780, 215.448)	1
000355	(662.171, 175.342)	3
000356	(1117.643, 212.362)	2
000356	(312.773, 215.456)	1
000356	(662.160, 175.320)	3
000357	(1114.923, 209.656)	2
000357	(312.756, 218.175)	1
000357	(662.163, 175.313)	3
000358	(1114.854, 209.581)	2
000358	(312.739, 218.154)	1
000358	(659.420, 175.317)	3
000359	(1114.785, 209.600)	2
000359	(312.797, 218.105)	1
000359	(659.412, 175.313)	3
000360	(1111.949, 212.404)	2
000360	(312.853, 218.117)	1
000360	(659.406, 175.309)	3
000361	(1109.125, 212.401)	2
000361	(312.855, 215.426)	1
000361	(659.366, 175.348)	3
000362	(1109.014, 212.470)	2
000362	(312.842, 215.412)	1
000362	(659.354, 178.104)	3
000363	(1103.275, 212.460)	2
000363	(312.854, 215.472)	1
000363	(656.563, 178.175)	3
000364	(1094.832, 212.483)	2
000364	(312.833, 218.111)	1
000364	(656.422, 180.930)	3
000365	(1094.722, 212.504)	2
000365	(315.556, 215.393)	1
000365	(653.670, 180.968)	3
000366	(1091.933, 212.502)	2
000366	(312.828, 215.387)	1
000366	(653.512, 183.785)	3
000367	(1091.844, 212.472)	2
000367	(312.821, 215.367)	1
000367	(650.793, 186.672)	3
000368	(1089.188, 212.443)	2
000368	(312.789, 215.354)	1
000368	(650.679, 189.451)	3
000369	(1091.834, 212.414)	2
000369	(312.795, 215.365)	1
000369	(650.610, 189.550)	3
000370	(1091.888, 212.425)	2
000370	(312.810, 215.409)	1
000370	(650.619, 189.506)	3
000371	(1091.928, 212.434)	2
000371	(312.821, 218.084)	1
000371	(650.619, 189.554)	3
000372	(1094.788, 212.424)	2
000372	(312.819, 215.400)	1
000372	(650.627, 189.493)	3
000373	(1100.485, 212.472)	2
000373	(312.772, 215.357)	1
000373	(650.674, 189.491)	3
000374	(1106.157, 212.440)	2
000374	(312.747, 215.393)	1
000374	(650.783, 189.570)	3
000375	(1108.986, 209.627)	2
000375	(312.770, 215.394)	1
000375	(650.822, 189.585)	3
000376	(1109.132, 206.760)	2
000376	(312.766, 215.449)	1
000376	(653.668, 189.560)	3
000377	(1111.979, 209.531)	2
000377	(312.807, 215.443)	1
000377	(653.760, 189.587)	3
000378	(1114.805, 206.744)	2
000378	(312.835, 215.332)	1
000378	(656.570, 189.597)	3
000379	(1117.679, 206.775)	2
000379	(312.792, 215.397)	1
000379	(662.254, 189.554)	3
000380	(1117.715, 206.768)	2
000380	(312.778, 215.388)	1
000380	(670.713, 189.569)	3
000381	(1117.639, 206.763)	2
000381	(312.765, 215.433)	1
000381	(670.856, 189.564)	3
000382	(1114.825, 209.542)	2
000382	(312.774, 218.084)	1
000382	(673.616, 189.486)	3
000383	(1112.034, 203.932)	2
000383	(312.796, 218.134)	1
000383	(673.743, 189.483)	3
000384	(1111.986, 203.933)	2
000384	(312.775, 218.089)	1
000384	(676.563, 189.454)	3
000385	(1109.102, 212.405)	2
000385	(312.779, 215.461)	1
000385	(676.695, 189.433)	3
000386	(1109.037, 212.401)	2
000386	(312.800, 218.109)	1
000386	(679.391, 186.689)	3
000387	(1109.010, 212.391)	2
000387	(312.823, 218.216)	1
000387	(679.367, 186.709)	3
000388	(1106.259, 212.388)	2
000388	(312.826, 218.132)	1
000388	(679.386, 186.703)	3
000389	(1106.231, 212.401)	2
000389	(312.802, 218.073)	1
000389	(679.394, 186.637)	3
000390	(1106.164, 212.403)	2
000390	(312.800, 215.433)	1
000390	(679.364, 186.639)	3
000391	(1103.388, 212.362)	2
000391	(312.773, 215.441)	1
000391	(676.676, 186.622)	3
000392	(1103.299, 212.357)	2
000392	(312.780, 215.440)	1
000392	(676.567, 186.672)	3
000393	(1100.519, 209.655)	2
000393	(312.759, 218.162)	1
000393	(673.773, 186.643)	3
000394	(1100.497, 209.653)	2
000394	(312.731, 218.125)	1
000394	(673.567, 186.736)	3
000395	(1100.457, 212.373)	2
000395	(312.805, 218.096)	1
000395	(670.825, 189.490)	3
000396	(1100.483, 212.360)	2
000396	(312.840, 218.134)	1
000396	(670.704, 189.476)	3
000397	(1100.524, 212.385)	2
000397	(315.554, 215.416)	1
000397	(659.343, 189.526)	3
000398	(1106.090, 212.422)	2
000398	(312.841, 215.419)	1
000398	(656.453, 189.490)	3
000399	(1106.227, 212.441)	2
000399	(312.849, 218.090)	1
000399	(653.688, 189.505)	3
000400	(1108.956, 212.408)	2
000400	(312.827, 218.123)	1
000400	(650.879, 189.493)	3
000401	(1109.005, 212.425)	2
000401	(312.841, 215.421)	1
000401	(650.794, 189.504)	3
000402	(1109.133, 212.385)	2
000402	(312.857, 215.385)	1
000402	(650.733, 189.468)	3
000403	(1111.836, 209.653)	2
000403	(312.807, 215.351)	1
000403	(650.709, 189.471)	3
000404	(1111.953, 209.603)	2
000404	(312.781, 215.373)	1
000404	(650.633, 189.429)	3
000405	(1112.089, 209.603)	2
000405	(312.783, 215.396)	1
000405	(650.592, 186.741)	3
000406	(1114.902, 209.591)	2
000406	(312.812, 215.405)	1
000406	(650.587, 189.468)	3
000407	(1120.489, 209.621)	2
000407	(312.800, 218.090)	1
000407	(647.835, 189.447)	3
000408	(1123.410, 209.632)	2
000408	(312.810, 215.433)	1
000408	(647.820, 189.489)	3
000409	(1129.044, 209.635)	2
000409	(312.785, 215.390)	1
000409	(647.773, 189.491)	3
000410	(1129.133, 212.363)	2
000410	(312.755, 215.392)	1
000410	(645.034, 189.478)	3
000411	(1131.847, 212.358)	2
000411	(312.770, 215.397)	1
000411	(644.956, 189.472)	3
000412	(1131.880, 209.659)	2
000412	(312.762, 215.431)	1
000412	(642.195, 189.475)	3
000413	(1131.871, 209.635)	2
000413	(312.819, 215.429)	1
000413	(642.177, 189.484)	3
000414	(1131.865, 209.647)	2
000414	(315.562, 215.312)	1
000414	(642.153, 189.509)	3
000415	(1131.878, 209.632)	2
000415	(312.807, 215.346)	1
000415	(642.166, 189.524)	3
000416	(1131.876, 209.649)	2
000416	(312.792, 215.371)	1
000416	(645.031, 189.518)	3
000417	(1131.846, 212.357)	2
000417	(312.800, 215.414)	1
000417	(647.805, 189.500)	3
000418	(1129.165, 212.362)	2
000418	(312.822, 215.453)	1
000418	(647.888, 189.525)	3
000419	(1129.113, 209.648)	2
000419	(312.807, 218.104)	1
000419	(650.610, 189.480)	3
000420	(1126.299, 209.643)	2
000420	(312.802, 218.084)	1
000420	(650.689, 189.501)	3
000421	(1126.191, 209.576)	2
000421	(312.782, 215.445)	1
000421	(650.765, 189.504)	3
000422	(1120.565, 209.607)	2
000422	(312.789, 218.089)	1
000422	(653.506, 186.742)	3
000423	(1117.722, 209.634)	2
000423	(312.820, 218.194)	1
000423	(653.673, 189.478)	3
000424	(1114.913, 209.623)	2
000424	(312.839, 218.124)	1
000424	(653.763, 189.476)	3
000425	(1114.833, 209.609)	2
000425	(312.801, 218.073)	1
000425	(656.463, 189.508)	3
000426	(1114.819, 209.581)	2
000426	(312.795, 215.437)	1
000426	(659.340, 189.530)	3
000427	(1114.785, 209.554)	2
000427	(312.777, 215.427)	1
000427	(662.253, 189.525)	3
000428	(1112.088, 209.550)	2
000428	(312.777, 215.463)	1
000428	(667.927, 189.535)	3
000429	(1112.061, 209.601)	2
000429	(312.756, 218.191)	1
000429	(670.722, 189.539)	3
000430	(1112.051, 209.604)	2
000430	(312.740, 218.124)	1
000430	(670.738, 189.503)	3
000431	(1112.053, 209.615)	2
000431	(312.817, 215.467)	1
000431	(670.723, 189.502)	3
000432	(1112.059, 209.614)	2
000432	(315.553, 218.125)	1
000432	(670.683, 189.534)	3
000433	(1112.040, 209.631)	2
000433	(315.565, 215.430)	1
000433	(667.964, 189.555)	3
000434	(1112.028, 209.618)	2
000434	(312.849, 215.424)	1
000434	(667.971, 189.570)	3
000435	(1112.017, 209.602)	2
000435	(312.845, 218.084)	1
000435	(667.981, 189.583)	3
000436	(1112.038, 209.581)	2
000436	(315.548, 218.092)	1
000436	(667.958, 189.605)	3
000437	(1112.073, 209.581)	2
000437	(312.851, 215.449)	1
000437	(667.859, 189.552)	3
000438	(1112.087, 209.578)	2
000438	(312.816, 215.367)	1
000438	(662.269, 189.554)	3
000439	(1112.099, 209.561)	2
000439	(312.814, 215.315)	1
000439	(659.382, 189.563)	3
000440	(1114.767, 209.538)	2
000440	(312.800, 215.315)	1
000440	(659.297, 189.515)	3
000441	(1114.780, 206.776)	2
000441	(312.797, 215.341)	1
000441	(656.471, 189.448)	3
000442	(1114.774, 206.771)	2
000442	(312.816, 215.377)	1
000442	(656.449, 186.712)	3
000443	(1114.774, 206.755)	2
000443	(312.824, 215.461)	1
000443	(653.765, 186.680)	3
000444	(1114.785, 206.735)	2
000444	(312.843, 215.425)	1
000444	(653.730, 186.685)	3
000445	(1114.770, 206.725)	2
000445	(312.789, 215.380)	1
000445	(653.662, 186.711)	3
000446	(1114.770, 206.708)	2
000446	(312.769, 215.399)	1
000446	(653.649, 186.720)	3
000447	(1114.768, 206.708)	2
000447	(312.754, 215.372)	1
000447	(653.632, 186.725)	3
000448	(1114.768, 206.718)	2
000448	(312.761, 215.405)	1
000448	(653.625, 186.734)	3
000449	(1112.107, 206.760)	2
000449	(312.803, 215.424)	1
000449	(653.625, 186.736)	3
000450	(1112.107, 206.775)	2
000450	(315.557, 215.287)	1
000450	(653.624, 186.731)	3
000451	(1112.101, 206.786)	2
000451	(312.813, 215.332)	1
000451	(653.632, 189.435)	3
000452	(1112.095, 206.773)	2
000452	(312.809, 215.364)	1
000452	(653.663, 189.446)	3
000453	(1112.088, 206.766)	2
000453	(312.796, 215.401)	1
000453	(653.686, 189.447)	3
000454	(1112.081, 206.758)	2
000454	(312.806, 215.432)	1
000454	(653.711, 189.454)	3
000455	(1112.079, 206.756)	2
000455	(312.815, 218.086)	1
000455	(653.749, 186.731)	3
000456	(1112.083, 206.769)	2
000456	(312.822, 215.465)	1
000456	(653.778, 186.725)	3
000457	(1112.068, 206.775)	2
000457	(312.799, 215.421)	1
000457	(653.771, 186.720)	3
000458	(1112.064, 206.770)	2
000458	(312.805, 215.467)	1
000458	(653.768, 186.722)	3
000459	(1112.067, 206.777)	2
000459	(312.814, 218.180)	1
000459	(653.762, 186.726)	3
000460	(1112.048, 206.771)	2
000460	(312.853, 218.081)	1
000460	(653.766, 186.725)	3
000461	(1112.017, 206.753)	2
000461	(312.819, 215.446)	1
000461	(653.758, 186.705)	3
000462	(1111.984, 206.762)	2
000462	(312.812, 215.403)	1
000462	(653.754, 186.689)	3
000463	(1111.968, 206.743)	2
000463	(312.804, 215.416)	1
000463	(653.758, 186.706)	3
000464	(1111.940, 206.746)	2
000464	(312.794, 215.430)	1
000464	(653.760, 186.693)	3
000465	(1111.948, 206.771)	2
000465	(312.784, 218.177)	1
000465	(653.741, 186.688)	3
000466	(1111.941, 206.742)	2
000466	(312.765, 218.111)	1
000466	(653.699, 186.693)	3
000467	(1111.922, 206.733)	2
000467	(312.828, 215.468)	1
000467	(653.688, 186.667)	3
000468	(1111.898, 206.719)	2
000468	(315.549, 218.118)	1
000468	(653.689, 186.659)	3
000469	(1111.898, 206.733)	2
000469	(315.559, 215.434)	1
000469	(653.684, 186.656)	3
000470	(1111.906, 206.761)	2
000470	(312.851, 215.468)	1
000470	(653.725, 186.647)	3
000471	(1111.912, 206.755)	2
000471	(315.563, 218.102)	1
000471	(653.740, 186.635)	3
000472	(1111.911, 206.760)	2
000472	(315.553, 218.075)	1
000472	(653.740, 186.643)	3
000473	(1111.920, 206.758)	2
000473	(312.852, 215.409)	1
000473	(653.773, 186.619)	3
000474	(1111.930, 206.769)	2
000474	(312.836, 215.344)	1
000474	(653.784, 186.619)	3
000475	(1111.952, 206.781)	2
000475	(312.815, 215.339)	1
000475	(656.431, 183.850)	3
000476	(1111.968, 206.792)	2
000476	(312.793, 215.329)	1
000476	(656.450, 183.854)	3
000477	(1111.981, 206.792)	2
000477	(312.808, 215.354)	1
000477	(656.449, 183.855)	3
000478	(1111.999, 209.538)	2
000478	(312.834, 215.392)	1
000478	(656.447, 183.848)	3
000479	(1112.012, 206.789)	2
000479	(312.819, 218.079)	1
000479	(656.448, 183.836)	3
000480	(1112.021, 209.550)	2
000480	(312.853, 215.415)	1
000480	(656.440, 183.839)	3
000481	(1112.015, 209.542)	2
000481	(312.814, 215.347)	1
000481	(656.447, 183.842)	3
000482	(1112.013, 209.532)	2
000482	(312.769, 215.378)	1
000482	(656.452, 183.851)	3
000483	(1112.016, 206.781)	2
000483	(312.764, 215.362)	1
000483	(656.453, 183.861)	3
000484	(1112.011, 206.768)	2
000484	(312.769, 215.412)	1
000484	(656.450, 183.857)	3
000485	(1112.002, 206.756)	2
000485	(312.795, 215.418)	1
000485	(656.456, 183.878)	3
000486	(1112.004, 206.747)	2
000486	(312.832, 215.298)	1
000486	(656.459, 186.616)	3
000487	(1112.010, 206.734)	2
000487	(312.806, 215.312)	1
000487	(656.464, 186.639)	3
000488	(1112.013, 206.739)	2
000488	(312.791, 215.356)	1
000488	(656.462, 186.643)	3
000489	(1112.008, 206.726)	2
000489	(312.792, 215.365)	1
000489	(656.457, 186.659)	3
000490	(1112.009, 206.711)	2
000490	(312.798, 215.402)	1
000490	(656.454, 186.658)	3
000491	(1112.006, 206.702)	2
000491	(312.807, 218.099)	1
000491	(656.463, 186.674)	3
000492	(1112.005, 206.704)	2
000492	(312.823, 215.469)	1
000492	(656.455, 186.662)	3
000493	(1112.004, 206.691)	2
000493	(312.786, 215.423)	1
000493	(656.446, 186.676)	3
000494	(1112.010, 203.925)	2
000494	(312.790, 218.089)	1
000494	(656.440, 186.686)	3
000495	(1112.013, 203.924)	2
000495	(312.813, 218.170)	1
000495	(656.437, 186.694)	3
000496	(1112.008, 203.913)	2
000496	(312.835, 218.096)	1
000496	(656.444, 186.701)	3
000497	(1112.003, 203.909)	2
000497	(312.798, 215.409)	1
000497	(656.437, 186.711)	3
000498	(1111.986, 203.911)	2
000498	(312.792, 215.411)	1
000498	(656.427, 186.721)	3
000499	(1111.976, 203.894)	2
000499	(312.788, 215.402)	1
000499	(656.426, 186.721)	3
000500	(1111.977, 203.879)	2
000500	(312.779, 215.449)	1
000500	(656.425, 186.734)	3
000501	(1111.978, 203.890)	2
000501	(312.768, 218.170)	1
000501	(653.770, 189.438)	3
000502	(1111.963, 203.913)	2
000502	(312.762, 218.111)	1
000502	(653.769, 189.440)	3
000503	(1111.969, 203.909)	2
000503	(312.832, 218.072)	1
000503	(653.761, 189.443)	3
000504	(1111.958, 203.932)	2
000504	(315.573, 218.092)	1
000504	(653.753, 189.443)	3
000505	(1111.951, 203.925)	2
000505	(315.559, 215.417)	1
000505	(653.766, 189.441)	3
000506	(1111.936, 203.916)	2
000506	(312.848, 215.407)	1
000506	(653.775, 189.444)	3
000507	(1111.926, 203.909)	2
000507	(315.548, 215.461)	1
000507	(656.431, 189.448)	3
000508	(1111.918, 203.928)	2
000508	(315.563, 218.094)	1
000508	(656.454, 189.443)	3
000509	(1111.902, 203.913)	2
000509	(315.553, 215.411)	1
000509	(656.432, 189.465)	3
000510	(1111.899, 206.704)	2
000510	(312.825, 215.390)	1
000510	(653.787, 189.444)	3
000511	(1111.852, 203.933)	2
000511	(312.843, 215.350)	1
000511	(653.773, 186.740)	3
000512	(1111.858, 206.723)	2
000512	(312.806, 215.358)	1
000512	(653.778, 186.714)	3
000513	(1111.825, 206.719)	2
000513	(312.805, 215.376)	1
000513	(653.764, 186.685)	3
000514	(1111.817, 206.719)	2
000514	(312.831, 215.407)	1
000514	(653.757, 186.686)	3
000575	(306.858, 378.751)	1
000575	(647.856, 284.169)	2
000575	(897.126, 286.835)	3
000576	(306.840, 378.682)	1
000576	(645.056, 284.104)	2
000576	(894.235, 286.824)	3
000577	(306.849, 378.715)	1
000577	(645.021, 284.152)	2
000577	(888.523, 286.848)	3
000578	(306.882, 378.709)	1
000578	(639.346, 286.819)	2
000578	(885.748, 286.907)	3
000579	(306.870, 378.745)	1
000579	(636.469, 286.841)	2
000579	(885.677, 286.952)	3
000580	(306.885, 378.745)	1
000580	(636.388, 286.934)	2
000580	(882.941, 286.949)	3
000581	(306.844, 378.742)	1
000581	(633.628, 286.992)	2
000581	(882.894, 286.971)	3
000582	(306.844, 378.757)	1
000582	(630.836, 287.033)	2
000582	(882.704, 286.945)	3
000583	(304.140, 378.770)	1
000583	(630.756, 286.987)	2
000583	(882.664, 286.981)	3
000584	(304.121, 378.765)	1
000584	(630.601, 286.936)	2
000584	(880.040, 287.037)	3
000585	(304.185, 378.759)	1
000585	(630.566, 286.928)	2
000585	(879.999, 287.066)	3
000586	(304.187, 381.443)	1
000586	(630.569, 286.951)	2
000586	(879.960, 287.080)	3
000587	(304.152, 378.744)	1
000587	(627.940, 286.912)	2
000587	(879.919, 287.032)	3
000588	(304.184, 378.776)	1
000588	(627.877, 286.917)	2
000588	(879.891, 287.011)	3
000589	(306.842, 378.754)	1
000589	(627.847, 286.928)	2
000589	(879.879, 287.025)	3
000590	(306.873, 378.733)	1
000590	(627.832, 286.945)	2
000590	(879.883, 287.033)	3
000591	(306.855, 378.709)	1
000591	(627.835, 286.967)	2
000591	(879.877, 287.000)	3
000592	(306.853, 378.720)	1
000592	(627.838, 286.921)	2
000592	(879.875, 287.055)	3
000593	(304.197, 378.729)	1
000593	(627.861, 286.966)	2
000593	(879.904, 289.773)	3
000594	(306.853, 378.765)	1
000594	(627.849, 286.994)	2
000594	(879.922, 289.822)	3
000595	(306.844, 378.767)	1
000595	(627.899, 287.061)	2
000595	(879.983, 289.883)	3
000596	(304.183, 378.785)	1
000596	(627.889, 289.828)	2
000596	(879.976, 289.938)	3
000597	(304.180, 381.440)	1
000597	(627.905, 289.845)	2
000597	(880.010, 289.878)	3
000598	(304.181, 378.757)	1
000598	(627.923, 289.894)	2
000598	(882.675, 289.873)	3
000599	(304.192, 378.745)	1
000599	(627.952, 292.647)	2
000599	(882.734, 287.118)	3
000600	(304.166, 378.686)	1
000600	(630.607, 289.884)	2
000600	(882.835, 287.018)	3
000601	(304.150, 378.739)	1
000601	(630.645, 289.774)	2
000601	(882.835, 286.947)	3
000602	(304.166, 378.756)	1
000602	(630.705, 287.086)	2
000602	(882.882, 286.921)	3
000603	(306.842, 378.749)	1
000603	(630.758, 287.025)	2
000603	(882.953, 286.914)	3
000604	(306.851, 378.734)	1
000604	(630.855, 286.944)	2
000604	(885.697, 286.847)	3
000605	(306.858, 378.773)	1
000605	(633.567, 286.882)	2
000605	(888.501, 286.868)	3
000606	(306.854, 378.753)	1
000606	(633.628, 286.819)	2
000606	(888.582, 286.922)	3
000607	(306.847, 381.428)	1
000607	(636.386, 286.875)	2
000607	(894.237, 287.028)	3
000608	(304.185, 378.790)	1
000608	(636.480, 286.981)	2
000608	(897.091, 287.109)	3
000609	(304.187, 381.452)	1
000609	(642.134, 286.997)	2
000609	(899.937, 289.876)	3
000610	(306.846, 381.424)	1
000610	(644.988, 289.779)	2
000610	(899.980, 292.660)	3
000611	(306.848, 381.431)	1
000611	(647.847, 289.893)	2
000611	(900.010, 298.372)	3
000612	(304.191, 378.767)	1
000612	(650.601, 295.547)	2
000612	(902.715, 301.258)	3
000613	(306.838, 378.787)	1
000613	(650.660, 298.424)	2
000613	(902.746, 301.314)	3
000614	(306.872, 378.774)	1
000614	(650.719, 301.237)	2
000614	(902.787, 304.046)	3
000615	(306.889, 378.744)	1
000615	(650.763, 304.057)	2
000615	(902.838, 304.014)	3
000616	(306.872, 378.757)	1
000616	(650.780, 304.063)	2
000616	(902.907, 301.222)	3
000617	(304.190, 378.738)	1
000617	(650.802, 304.020)	2
000617	(902.846, 295.577)	3
000618	(304.201, 378.748)	1
000618	(650.812, 301.204)	2
000618	(902.788, 292.707)	3
000619	(304.153, 378.761)	1
000619	(650.810, 295.597)	2
000619	(902.783, 289.836)	3
000620	(304.090, 378.762)	1
000620	(650.777, 289.904)	2
000620	(902.738, 287.128)	3
000621	(304.155, 378.727)	1
000621	(650.698, 287.121)	2
000621	(902.689, 287.012)	3
000622	(304.174, 378.778)	1
000622	(650.638, 287.006)	2
000622	(900.007, 286.929)	3
000623	(304.131, 378.698)	1
000623	(650.571, 286.874)	2
000623	(899.952, 286.870)	3
000624	(304.169, 378.750)	1
000624	(647.870, 284.213)	2
000624	(899.842, 286.821)	3
000625	(306.834, 378.730)	1
000625	(647.776, 284.116)	2
000625	(894.213, 286.836)	3
000626	(306.877, 378.700)	1
000626	(645.000, 284.165)	2
000626	(888.543, 286.866)	3
000627	(306.858, 378.701)	1
000627	(639.285, 286.854)	2
000627	(888.467, 286.901)	3
000628	(306.860, 378.725)	1
000628	(636.458, 286.866)	2
000628	(885.690, 286.957)	3
000629	(304.193, 378.747)	1
000629	(633.648, 286.982)	2
000629	(885.587, 286.973)	3
000630	(304.172, 378.781)	1
000630	(633.581, 287.024)	2
000630	(882.884, 286.971)	3
000631	(304.182, 378.789)	1
000631	(630.786, 287.058)	2
000631	(882.773, 286.998)	3
000632	(304.172, 381.442)	1
000632	(630.728, 287.019)	2
000632	(882.652, 287.001)	3
000633	(304.146, 381.464)	1
000633	(630.588, 286.953)	2
000633	(880.029, 287.024)	3
000634	(304.140, 378.786)	1
000634	(627.964, 286.944)	2
000634	(879.999, 287.068)	3
000635	(304.174, 378.740)	1
000635	(627.958, 286.944)	2
000635	(879.929, 287.055)	3
000636	(304.168, 378.693)	1
000636	(627.926, 286.938)	2
000636	(879.904, 287.028)	3
000637	(304.146, 378.735)	1
000637	(627.873, 286.903)	2
000637	(879.897, 286.998)	3
000638	(304.168, 378.727)	1
000638	(627.849, 286.903)	2
000638	(879.888, 287.009)	3
000639	(304.191, 378.744)	1
000639	(627.848, 286.929)	2
000639	(879.886, 287.002)	3
000640	(304.196, 378.729)	1
000640	(627.843, 286.958)	2
000640	(879.859, 287.005)	3
000641	(306.855, 378.780)	1
000641	(627.843, 286.906)	2
000641	(879.865, 287.043)	3
000642	(306.864, 378.754)	1
000642	(627.870, 286.950)	2
000642	(879.909, 287.127)	3
000643	(306.860, 378.778)	1
000643	(627.851, 286.974)	2
000643	(879.923, 289.823)	3
000644	(304.184, 378.763)	1
000644	(627.912, 287.048)	2
000644	(879.981, 289.887)	3
000645	(304.195, 381.454)	1
000645	(627.893, 289.838)	2
000645	(879.984, 289.939)	3
000646	(306.846, 381.447)	1
000646	(627.909, 289.863)	2
000646	(880.031, 289.932)	3
000647	(306.849, 378.785)	1
000647	(627.935, 289.912)	2
000647	(882.678, 289.874)	3
000648	(306.847, 378.738)	1
000648	(627.952, 292.661)	2
000648	(882.722, 287.116)	3
000649	(306.853, 378.763)	1
000649	(630.604, 289.909)	2
000649	(882.819, 287.012)	3
000650	(306.868, 378.779)	1
000650	(630.647, 289.823)	2
000650	(882.826, 286.958)	3
000651	(306.880, 378.753)	1
000651	(630.687, 287.106)	2
000651	(882.861, 286.907)	3
000652	(306.878, 378.757)	1
000652	(630.749, 287.013)	2
000652	(882.931, 286.911)	3
000653	(304.185, 378.726)	1
000653	(630.865, 286.920)	2
000653	(885.675, 286.861)	3
000654	(304.178, 378.757)	1
000654	(633.553, 286.870)	2
000654	(888.476, 286.855)	3
000655	(304.125, 378.777)	1
000655	(633.626, 286.839)	2
000655	(888.581, 286.938)	3
000656	(304.095, 378.780)	1
000656	(636.408, 286.901)	2
000656	(894.261, 287.022)	3
000657	(304.160, 378.730)	1
000657	(636.493, 286.966)	2
000657	(897.121, 287.118)	3
000658	(304.179, 378.771)	1
000658	(642.130, 286.989)	2
000658	(899.934, 289.867)	3
000659	(304.140, 378.719)	1
000659	(644.968, 289.763)	2
000659	(899.983, 292.660)	3
000660	(304.177, 378.736)	1
000660	(647.877, 289.885)	2
000660	(900.016, 298.412)	3
000661	(304.200, 378.711)	1
000661	(650.605, 295.520)	2
000661	(902.714, 301.254)	3
000662	(306.877, 378.727)	1
000662	(650.678, 298.447)	2
000662	(902.744, 304.027)	3
000663	(306.872, 378.697)	1
000663	(650.715, 301.241)	2
000663	(902.792, 304.051)	3
000664	(306.875, 378.708)	1
000664	(650.758, 304.045)	2
000664	(902.837, 304.023)	3
000665	(304.201, 378.742)	1
000665	(650.795, 304.040)	2
000665	(902.895, 301.216)	3
000666	(304.189, 378.777)	1
000666	(650.826, 301.315)	2
000666	(902.831, 295.575)	3
000667	(304.200, 378.781)	1
000667	(650.823, 301.264)	2
000667	(902.786, 292.694)	3
000668	(304.173, 378.792)	1
000668	(650.814, 295.548)	2
000668	(902.772, 289.833)	3
000669	(304.166, 381.456)	1
000669	(650.775, 289.911)	2
000669	(902.734, 289.770)	3
000670	(304.158, 378.757)	1
000670	(650.699, 287.104)	2
000670	(902.697, 286.996)	3
000671	(304.192, 378.751)	1
000671	(650.636, 286.997)	2
000671	(900.000, 286.918)	3
000672	(304.178, 378.706)	1
000672	(650.579, 286.901)	2
000672	(899.949, 286.865)	3
000673	(304.137, 378.740)	1
000673	(647.851, 284.214)	2
000673	(897.149, 286.828)	3
000674	(304.167, 378.738)	1
000674	(647.778, 284.132)	2
000674	(894.231, 286.831)	3
000675	(306.846, 378.765)	1
000675	(644.997, 284.169)	2
000675	(888.548, 286.862)	3
000676	(306.856, 378.729)	1
000676	(639.333, 286.854)	2
000676	(888.481, 286.904)	3
000677	(306.868, 378.771)	1
000677	(636.491, 286.846)	2
000677	(885.692, 286.948)	3
000678	(306.862, 378.767)	1
000678	(633.680, 286.990)	2
000678	(882.948, 286.978)	3
000679	(306.854, 378.781)	1
000679	(633.616, 287.027)	2
000679	(882.890, 286.988)	3
000680	(304.184, 378.778)	1
000680	(630.813, 287.056)	2
000680	(882.700, 286.949)	3
000681	(304.188, 381.445)	1
000681	(630.743, 287.020)	2
000681	(882.643, 286.992)	3
000682	(304.191, 378.784)	1
000682	(630.657, 286.993)	2
000682	(880.025, 287.030)	3
000683	(306.839, 378.778)	1
000683	(627.962, 286.929)	2
000683	(879.977, 287.067)	3
000684	(304.194, 378.706)	1
000684	(627.958, 286.950)	2
000684	(879.950, 287.052)	3
000685	(306.855, 378.767)	1
000685	(627.927, 286.925)	2
000685	(879.928, 287.012)	3
000686	(306.877, 378.783)	1
000686	(627.871, 286.863)	2
000686	(879.892, 286.997)	3
000687	(306.898, 378.745)	1
000687	(627.839, 286.898)	2
000687	(879.884, 286.998)	3
000688	(306.883, 378.764)	1
000688	(627.833, 286.916)	2
000688	(879.888, 287.012)	3
000689	(304.198, 378.729)	1
000689	(627.828, 286.935)	2
000689	(879.873, 287.003)	3
000690	(304.196, 378.761)	1
000690	(627.838, 286.898)	2
000690	(879.868, 287.051)	3
000691	(304.138, 378.771)	1
000691	(627.854, 286.952)	2
000691	(879.915, 287.123)	3
000692	(304.114, 378.767)	1
000692	(627.857, 286.986)	2
000692	(879.914, 289.829)	3
000693	(304.180, 378.697)	1
000693	(627.903, 287.047)	2
000693	(879.985, 289.887)	3
000694	(304.160, 378.743)	1
000694	(627.902, 289.823)	2
000694	(879.989, 292.648)	3
000695	(304.157, 378.724)	1
000695	(627.908, 289.864)	2
000695	(880.036, 289.928)	3
000696	(304.179, 378.739)	1
000696	(627.939, 289.923)	2
000696	(882.683, 289.884)	3
000697	(304.194, 378.719)	1
000697	(627.970, 289.933)	2
000697	(882.725, 289.772)	3
000698	(306.868, 378.682)	1
000698	(630.606, 289.893)	2
000698	(882.818, 287.030)	3
000699	(306.853, 378.716)	1
000699	(630.639, 289.790)	2
000699	(882.813, 286.959)	3
000700	(306.860, 378.713)	1
000700	(630.703, 287.099)	2
000700	(882.872, 286.921)	3
000701	(304.199, 378.761)	1
000701	(630.756, 287.005)	2
000701	(882.937, 286.910)	3
000702	(306.844, 378.781)	1
000702	(633.507, 286.905)	2
000702	(885.678, 286.859)	3
000703	(306.840, 378.781)	1
000703	(633.557, 286.874)	2
000703	(888.483, 286.847)	3
000704	(304.180, 381.434)	1
000704	(633.629, 286.833)	2
000704	(888.569, 286.937)	3
000705	(304.163, 381.461)	1
000705	(636.416, 286.912)	2
000705	(894.264, 287.020)	3
000706	(304.152, 378.785)	1
000706	(636.492, 287.018)	2
000706	(897.106, 287.113)	3
000707	(304.171, 378.752)	1
000707	(642.112, 287.009)	2
000707	(899.923, 289.892)	3
000708	(304.181, 378.701)	1
000708	(644.962, 289.783)	2
000708	(899.982, 292.673)	3
000709	(304.151, 378.745)	1
000709	(647.871, 289.876)	2
000709	(900.015, 298.388)	3
000710	(304.168, 378.738)	1
000710	(650.602, 295.513)	2
000710	(902.702, 301.242)	3
000711	(304.197, 378.772)	1
000711	(650.663, 298.443)	2
000711	(902.741, 304.025)	3
000712	(306.841, 378.737)	1
000712	(650.723, 301.243)	2
000712	(902.781, 304.045)	3
000713	(306.866, 378.773)	1
000713	(650.762, 304.069)	2
000713	(902.846, 304.030)	3
000714	(306.868, 378.750)	1
000714	(650.780, 304.052)	2
000714	(902.901, 301.240)	3
000715	(306.882, 378.783)	1
000715	(650.832, 304.023)	2
000715	(902.842, 295.573)	3
000716	(306.845, 378.759)	1
000716	(650.833, 301.243)	2
000716	(902.802, 292.706)	3
000717	(304.202, 381.462)	1
000717	(650.822, 295.588)	2
000717	(902.766, 289.848)	3
000718	(306.853, 381.436)	1
000718	(650.792, 289.911)	2
000718	(902.735, 287.123)	3
000719	(306.857, 378.750)	1
000719	(650.701, 287.113)	2
000719	(902.679, 287.012)	3
000720	(306.850, 378.759)	1
000720	(650.634, 287.009)	2
000720	(899.998, 286.945)	3
000721	(306.865, 378.775)	1
000721	(650.574, 286.915)	2
000721	(899.944, 286.857)	3
000722	(306.876, 378.778)	1
000722	(647.872, 284.204)	2
000722	(897.140, 286.826)	3
000723	(306.892, 378.751)	1
000723	(647.780, 284.123)	2
000723	(894.200, 286.830)	3
000724	(306.882, 378.768)	1
000724	(644.996, 284.180)	2
000724	(888.533, 286.868)	3
000725	(306.839, 378.723)	1
000725	(639.349, 286.924)	2
000725	(885.766, 286.990)	3
000726	(304.184, 378.757)	1
000726	(639.318, 287.026)	2
000726	(885.736, 287.123)	3
000727	(304.152, 378.778)	1
000727	(636.471, 287.116)	2
000727	(885.760, 289.834)	3
000728	(304.113, 378.775)	1
000728	(636.435, 287.103)	2
000728	(888.478, 289.877)	3
000729	(304.171, 378.726)	1
000729	(636.421, 289.786)	2
000729	(888.575, 289.894)	3
000730	(304.162, 378.765)	1
000730	(636.397, 289.903)	2
000730	(894.260, 292.640)	3
000731	(304.126, 378.704)	1
000731	(636.375, 292.659)	2
000731	(897.148, 292.687)	3
000732	(304.176, 378.780)	1
000732	(636.429, 289.935)	2
000732	(899.894, 292.696)	3
000733	(304.184, 378.736)	1
000733	(636.431, 292.659)	2
000733	(899.910, 292.719)	3
000734	(306.883, 378.705)	1
000734	(636.437, 292.644)	2
000734	(899.922, 292.707)	3
000735	(306.857, 378.725)	1
000735	(636.438, 292.647)	2
000735	(899.919, 292.706)	3
000736	(306.850, 378.732)	1
000736	(636.449, 292.648)	2
000736	(899.924, 292.706)	3
000737	(304.173, 378.744)	1
000737	(636.447, 292.655)	2
000737	(899.931, 292.716)	3
000738	(304.192, 381.427)	1
000738	(636.437, 292.652)	2
000738	(899.936, 292.707)	3
000739	(304.187, 378.786)	1
000739	(636.438, 292.646)	2
000739	(899.937, 292.703)	3
000740	(304.184, 381.433)	1
000740	(636.413, 292.668)	2
000740	(899.937, 292.698)	3
000741	(304.176, 381.453)	1
000741	(636.385, 292.691)	2
000741	(899.938, 292.686)	3
000742	(304.140, 378.777)	1
000742	(633.677, 292.708)	2
000742	(899.940, 292.677)	3
000743	(304.191, 378.741)	1
000743	(633.660, 292.725)	2
000743	(899.938, 292.678)	3
000744	(304.176, 378.704)	1
000744	(633.657, 292.731)	2
000744	(899.936, 292.679)	3
000745	(304.159, 378.751)	1
000745	(633.656, 292.734)	2
000745	(899.931, 292.681)	3
000746	(304.148, 378.737)	1
000746	(633.648, 292.743)	2
000746	(899.932, 292.674)	3
000747	(304.197, 378.761)	1
000747	(633.635, 292.755)	2
000747	(899.930, 292.668)	3
000748	(304.201, 378.743)	1
000748	(633.641, 292.751)	2
000748	(899.928, 292.663)	3
000749	(306.864, 378.770)	1
000749	(633.632, 292.748)	2
000749	(899.936, 292.663)	3
000750	(306.859, 378.745)	1
000750	(633.611, 292.722)	2
000750	(899.927, 292.662)	3
000751	(306.873, 378.779)	1
000751	(633.605, 292.716)	2
000751	(899.922, 292.665)	3
000752	(304.190, 378.777)	1
000752	(633.606, 292.722)	2
000752	(899.925, 292.664)	3
000753	(304.192, 381.447)	1
000753	(633.602, 292.713)	2
000753	(899.922, 292.660)	3
000754	(306.846, 381.427)	1
000754	(633.604, 292.717)	2
000754	(899.920, 292.662)	3
000755	(306.863, 378.773)	1
000755	(633.602, 292.717)	2
000755	(899.909, 292.669)	3
000756	(306.846, 378.749)	1
000756	(633.613, 292.730)	2
000756	(899.920, 292.670)	3
000757	(306.862, 378.762)	1
000757	(633.618, 292.742)	2
000757	(899.929, 292.668)	3
000758	(306.875, 378.776)	1
000758	(633.619, 292.731)	2
000758	(899.938, 292.669)	3
000759	(306.879, 378.759)	1
000759	(633.622, 292.747)	2
000759	(899.937, 292.675)	3
000760	(306.887, 378.766)	1
000760	(633.623, 292.750)	2
000760	(899.947, 292.684)	3
000761	(306.852, 378.721)	1
000761	(633.621, 292.751)	2
000761	(899.945, 292.686)	3
000762	(304.189, 378.750)	1
000762	(633.618, 292.748)	2
000762	(899.943, 292.688)	3
000763	(304.164, 378.762)	1
000763	(633.618, 292.748)	2
000763	(899.933, 292.707)	3
000764	(304.103, 378.760)	1
000764	(633.617, 292.744)	2
000764	(899.932, 292.715)	3
000765	(304.172, 378.740)	1
000765	(633.619, 292.741)	2
000765	(899.927, 292.730)	3
000766	(304.178, 378.773)	1
000766	(633.609, 292.744)	2
000766	(899.919, 292.737)	3
000767	(304.153, 378.724)	1
000767	(633.605, 292.749)	2
000767	(899.921, 292.735)	3
000768	(304.182, 378.766)	1
000768	(633.600, 292.748)	2
000768	(899.916, 292.739)	3
000769	(306.835, 378.740)	1
000769	(633.602, 292.753)	2
000769	(899.912, 292.739)	3
000770	(306.879, 378.730)	1
000770	(633.599, 292.752)	2
000770	(899.902, 292.734)	3
000771	(306.859, 378.724)	1
000771	(633.598, 292.758)	2
000771	(899.904, 292.726)	3
000772	(306.858, 378.735)	1
000772	(633.596, 292.744)	2
000772	(899.896, 292.729)	3
000773	(304.195, 378.764)	1
000773	(633.596, 292.744)	2
000773	(899.887, 292.727)	3
000774	(304.177, 378.789)	1
000774	(633.594, 292.746)	2
000774	(899.889, 292.725)	3
000775	(304.175, 381.427)	1
000775	(633.594, 292.749)	2
000775	(899.896, 292.727)	3
000776	(304.160, 381.447)	1
000776	(633.596, 292.756)	2
000776	(899.887, 292.731)	3
000777	(304.160, 381.465)	1
000777	(633.600, 292.752)	2
000777	(899.887, 292.727)	3
000778	(304.149, 378.754)	1
000778	(633.607, 292.747)	2
000778	(899.881, 292.729)	3
000779	(304.165, 378.770)	1
000779	(633.606, 292.743)	2
000779	(899.863, 292.715)	3
000780	(304.161, 378.708)	1
000780	(633.605, 295.494)	2
000780	(899.860, 292.721)	3
000781	(304.144, 378.769)	1
000781	(633.605, 295.500)	2
000781	(899.848, 292.723)	3
000782	(304.155, 378.769)	1
000782	(633.614, 292.758)	2
000782	(897.152, 292.715)	3
000783	(304.192, 378.758)	1
000783	(633.617, 292.744)	2
000783	(897.154, 292.719)	3
000784	(306.838, 378.741)	1
000784	(633.623, 292.749)	2
000784	(897.141, 292.714)	3
000785	(306.857, 378.776)	1
000785	(633.628, 292.743)	2
000785	(897.127, 292.697)	3
000786	(306.855, 378.744)	1
000786	(633.642, 292.729)	2
000786	(894.266, 292.722)	3
000787	(306.863, 378.792)	1
000787	(633.643, 292.746)	2
000787	(894.240, 292.716)	3
000788	(306.840, 378.766)	1
000788	(633.649, 292.745)	2
000788	(894.203, 292.737)	3
000789	(306.839, 381.463)	1
000789	(633.657, 292.744)	2
000789	(894.267, 295.500)	3
000790	(306.859, 381.432)	1
000790	(633.671, 292.753)	2
000790	(894.286, 298.373)	3
000791	(306.858, 378.749)	1
000791	(633.686, 292.743)	2
000791	(899.846, 301.258)	3
000792	(306.840, 378.753)	1
000792	(633.682, 292.725)	2
000792	(899.883, 304.168)	3
000793	(306.852, 378.773)	1
000793	(636.387, 292.737)	2
000793	(899.991, 306.893)	3
000794	(306.874, 381.427)	1
000794	(636.387, 292.719)	2
000794	(900.021, 306.960)	3
000795	(306.890, 378.756)	1
000795	(636.429, 292.734)	2
000795	(900.009, 307.064)	3
000796	(306.890, 378.762)	1
000796	(636.432, 292.725)	2
000796	(899.926, 309.806)	3
000797	(304.194, 378.727)	1
000797	(636.438, 292.716)	2
000797	(894.276, 310.010)	3
000798	(304.175, 378.752)	1
000798	(636.442, 292.715)	2
000798	(888.553, 315.591)	3
000799	(304.138, 378.753)	1
000799	(636.442, 292.725)	2
000799	(885.634, 324.125)	3
000800	(304.110, 378.770)	1
000800	(636.416, 292.721)	2
000800	(882.812, 329.810)	3
000801	(304.166, 378.699)	1
000801	(636.433, 292.701)	2
000801	(879.995, 329.941)	3
000802	(304.157, 378.721)	1
000802	(636.472, 292.747)	2
000802	(879.763, 332.725)	3
000803	(304.155, 378.728)	1
000803	(636.492, 295.568)	2
000803	(871.301, 332.753)	3
000804	(304.184, 378.768)	1
000804	(636.496, 295.599)	2
000804	(862.709, 332.738)	3
000805	(304.189, 378.732)	1
000805	(636.381, 301.300)	2
000805	(859.865, 332.772)	3
000806	(306.877, 378.728)	1
000806	(633.686, 304.132)	2
000806	(857.050, 332.679)	3
000807	(306.851, 378.702)	1
000807	(633.663, 304.170)	2
000807	(856.923, 330.048)	3
000808	(306.860, 378.721)	1
000808	(636.442, 304.193)	2
000808	(854.071, 329.955)	3
000809	(304.193, 378.766)	1
000809	(642.183, 306.887)	2
000809	(845.500, 329.933)	3
000810	(304.175, 378.781)	1
000810	(647.921, 306.971)	2
000810	(839.876, 330.001)	3
000811	(304.178, 381.427)	1
000811	(650.762, 307.003)	2
000811	(837.101, 332.680)	3
000812	(304.152, 381.456)	1
000812	(653.597, 309.759)	2
000812	(834.169, 332.948)	3
000813	(304.160, 381.479)	1
000813	(656.437, 310.039)	2
000813	(833.981, 344.183)	3
000814	(304.131, 378.782)	1
000814	(665.077, 312.835)	2
000814	(828.309, 349.987)	3
000815	(304.188, 378.755)	1
000815	(673.654, 321.344)	2
000815	(816.937, 352.952)	3
000816	(304.158, 378.718)	1
000816	(676.667, 324.183)	2
000816	(814.142, 355.784)	3
000817	(304.137, 378.759)	1
000817	(690.805, 327.070)	2
000817	(811.256, 361.438)	3
000818	(304.160, 378.763)	1
000818	(696.657, 329.791)	2
000818	(811.054, 369.968)	3
000819	(304.192, 378.775)	1
000819	(702.312, 327.021)	2
000819	(796.906, 370.067)	3
000820	(306.842, 378.730)	1
000820	(713.757, 327.035)	2
000820	(791.220, 372.802)	3
000821	(306.865, 378.768)	1
000821	(719.489, 327.047)	2
000821	(788.281, 372.897)	3
000822	(306.846, 378.762)	1
000822	(722.451, 329.784)	2
000822	(788.083, 372.927)	3
000823	(306.864, 378.787)	1
000823	(725.294, 327.020)	2
000823	(776.828, 375.658)	3
000824	(304.197, 378.772)	1
000824	(736.634, 327.004)	2
000824	(768.308, 375.715)	3
000825	(306.839, 381.478)	1
000825	(742.363, 329.835)	2
000825	(765.354, 378.574)	3
000826	(306.861, 381.444)	1
000826	(750.992, 381.466)	3
000826	(751.022, 324.159)	2
000827	(306.861, 378.789)	1
000827	(745.303, 387.204)	3
000827	(762.408, 326.991)	2
000828	(306.836, 378.743)	1
000828	(742.480, 398.504)	3
000828	(768.083, 329.849)	2
000829	(306.859, 378.766)	1
000829	(736.735, 401.403)	3
000829	(768.293, 332.704)	2
000830	(306.875, 378.791)	1
000830	(722.414, 401.628)	3
000830	(782.467, 332.925)	2
000831	(306.877, 378.784)	1
000831	(719.500, 407.336)	3
000831	(788.144, 347.055)	2
000832	(306.895, 378.752)	1
000832	(710.924, 415.827)	3
000832	(791.154, 349.973)	2
000833	(306.844, 378.730)	1
000833	(699.595, 418.713)	3
000833	(799.747, 352.823)	2
000834	(304.191, 378.761)	1
000834	(696.692, 421.471)	3
000834	(811.207, 355.604)	2
000835	(304.154, 378.767)	1
000835	(696.521, 421.508)	3
000835	(816.999, 355.703)	2
000836	(304.095, 378.787)	1
000836	(693.680, 421.468)	3
000836	(834.164, 358.582)	2
000837	(304.175, 378.720)	1
000837	(682.318, 418.748)	3
000837	(848.387, 358.576)	2
000838	(304.176, 378.751)	1
000838	(679.498, 418.686)	3
000838	(862.721, 358.636)	2
000839	(304.158, 378.719)	1
000839	(679.360, 418.736)	3
000839	(882.729, 364.279)	2
000840	(304.196, 378.748)	1
000840	(676.482, 421.437)	3
000840	(902.753, 370.002)	2
000841	(306.842, 378.746)	1
000841	(676.417, 421.539)	3
000841	(914.286, 370.077)	2
000842	(306.886, 378.729)	1
000842	(676.397, 421.607)	3
000842	(928.668, 375.774)	2
000843	(306.872, 378.736)	1
000843	(673.775, 421.687)	3
000843	(948.625, 378.722)	2
000844	(306.873, 378.708)	1
000844	(673.674, 424.358)	3
000844	(957.212, 390.030)	2
000845	(306.842, 378.751)	1
000845	(673.791, 424.525)	3
000845	(971.589, 392.908)	2
000846	(306.844, 378.784)	1
000846	(673.787, 424.576)	3
000846	(977.333, 398.547)	2
000847	(306.840, 378.792)	1
000847	(673.744, 424.608)	3
000847	(991.642, 398.717)	2
000848	(1000.290, 401.571)	2
000848	(304.195, 381.433)	1
000848	(673.749, 427.305)	3
000849	(1017.427, 401.682)	2
000849	(304.184, 381.470)	1
000849	(673.712, 427.387)	3
000850	(1031.691, 404.457)	2
000850	(304.174, 378.783)	1
000850	(673.660, 427.416)	3
000851	(1043.099, 404.398)	2
000851	(304.187, 378.770)	1
000851	(673.654, 427.421)	3
000852	(1057.507, 404.345)	2
000852	(304.179, 378.716)	1
000852	(673.625, 430.149)	3
000853	(1066.228, 407.221)	2
000853	(304.163, 378.762)	1
000853	(673.592, 430.248)	3
000854	(1080.399, 404.495)	2
000854	(304.168, 378.775)	1
000854	(673.529, 433.041)	3
000855	(1089.055, 410.120)	2
000855	(306.842, 378.764)	1
000855	(670.845, 433.070)	3
000856	(1100.532, 415.819)	2
000856	(306.853, 378.747)	1
000856	(670.789, 433.068)	3
000857	(1109.010, 418.607)	2
000857	(306.865, 378.778)	1
000857	(670.760, 435.856)	3
000858	(1111.974, 415.806)	2
000858	(306.863, 378.755)	1
000858	(670.712, 435.864)	3
000859	(1117.657, 418.658)	2
000859	(306.857, 378.774)	1
000859	(667.940, 433.057)	3
000860	(1126.189, 418.677)	2
000860	(306.844, 378.781)	1
000860	(667.911, 433.051)	3
000861	(1123.369, 418.706)	2
000861	(306.849, 381.460)	1
000861	(667.891, 433.053)	3
000862	(1123.395, 421.467)	2
000862	(306.867, 381.439)	1
000862	(665.091, 430.255)	3
000863	(1120.542, 418.774)	2
000863	(306.884, 378.787)	1
000863	(665.083, 432.996)	3
000864	(1120.542, 421.483)	2
000864	(306.854, 378.729)	1
000864	(665.118, 433.026)	3
000865	(1129.017, 421.589)	2
000865	(306.870, 378.774)	1
000865	(665.115, 433.067)	3
000866	(1129.126, 421.602)	2
000866	(306.881, 378.782)	1
000866	(665.107, 433.080)	3
000867	(1131.920, 421.594)	2
000867	(306.897, 378.756)	1
000867	(665.088, 435.876)	3
000868	(1132.026, 421.487)	2
000868	(306.905, 378.765)	1
000868	(665.036, 435.886)	3
000869	(1132.060, 421.486)	2
000869	(306.870, 378.735)	1
000869	(662.265, 435.918)	3
000870	(1132.064, 421.474)	2
000870	(306.859, 378.754)	1
000870	(662.222, 435.919)	3
000871	(1131.996, 418.755)	2
000871	(304.190, 378.765)	1
000871	(662.211, 435.937)	3
000872	(1131.960, 418.669)	2
000872	(304.134, 378.755)	1
000872	(662.213, 435.939)	3
000873	(1131.904, 418.686)	2
000873	(304.197, 378.713)	1
000873	(662.195, 435.951)	3
000874	(1129.148, 415.865)	2
000874	(304.195, 378.765)	1
000874	(662.206, 438.699)	3
000875	(1129.010, 415.865)	2
000875	(304.179, 378.728)	1
000875	(662.209, 435.951)	3
000876	(1120.496, 418.615)	2
000876	(304.191, 378.758)	1
000876	(662.222, 435.937)	3
000877	(1114.802, 418.650)	2
000877	(306.843, 378.727)	1
000877	(662.220, 435.906)	3
000878	(1111.930, 413.035)	2
000878	(306.900, 378.701)	1
000878	(659.365, 435.878)	3
000879	(1109.182, 418.726)	2
000879	(306.890, 378.712)	1
000879	(656.574, 433.075)	3
000880	(1109.026, 418.753)	2
000880	(306.880, 378.710)	1
000880	(653.699, 430.154)	3
000881	(1108.911, 418.721)	2
000881	(306.839, 378.733)	1
000881	(653.563, 427.436)	3
000882	(1106.233, 413.003)	2
000882	(306.850, 378.759)	1
000882	(650.792, 427.417)	3
000883	(1106.177, 415.783)	2
000883	(306.841, 378.769)	1
000883	(650.659, 427.312)	3
000884	(1106.232, 413.036)	2
000884	(304.189, 378.783)	1
000884	(650.653, 427.300)	3
000885	(1106.272, 412.994)	2
000885	(304.190, 381.455)	1
000885	(650.602, 427.292)	3
000886	(1108.975, 418.629)	2
000886	(304.171, 378.765)	1
000886	(650.595, 427.264)	3
000887	(1109.105, 415.881)	2
000887	(306.835, 378.737)	1
000887	(650.614, 427.270)	3
000888	(1111.851, 415.899)	2
000888	(304.201, 378.679)	1
000888	(650.695, 427.266)	3
000889	(1111.992, 418.685)	2
000889	(304.170, 378.722)	1
000889	(650.758, 427.331)	3
000890	(1114.878, 418.617)	2
000890	(304.194, 378.754)	1
000890	(650.852, 427.313)	3
000891	(1123.404, 418.624)	2
000891	(306.838, 378.768)	1
000891	(653.588, 427.296)	3
000892	(1129.073, 418.646)	2
000892	(306.859, 378.747)	1
000892	(653.722, 427.315)	3
000893	(1131.901, 418.638)	2
000893	(306.882, 378.759)	1
000893	(656.524, 427.358)	3
000894	(1132.076, 418.625)	2
000894	(306.889, 378.742)	1
000894	(662.173, 427.435)	3
000895	(1132.110, 418.649)	2
000895	(306.878, 378.760)	1
000895	(667.937, 430.145)	3
000896	(1132.065, 418.612)	2
000896	(306.858, 378.764)	1
000896	(673.544, 430.228)	3
000897	(1131.968, 418.604)	2
000897	(304.199, 381.453)	1
000897	(673.684, 433.011)	3
000898	(1131.825, 415.787)	2
000898	(306.855, 381.445)	1
000898	(673.773, 435.858)	3
000899	(1129.132, 412.994)	2
000899	(306.862, 378.779)	1
000899	(676.537, 435.863)	3
000900	(1120.562, 415.802)	2
000900	(306.850, 378.729)	1
000900	(676.615, 433.062)	3
000901	(1117.733, 415.831)	2
000901	(306.870, 378.780)	1
000901	(679.345, 435.926)	3
000902	(1117.704, 415.845)	2
000902	(306.899, 381.433)	1
000902	(679.367, 438.698)	3
000903	(1114.887, 415.813)	2
000903	(306.901, 378.767)	1
000903	(679.367, 438.767)	3
000904	(1114.801, 415.812)	2
000904	(306.901, 378.770)	1
000904	(679.344, 438.797)	3
000905	(1112.091, 415.806)	2
000905	(306.837, 378.748)	1
000905	(676.644, 438.758)	3
000906	(1112.044, 415.782)	2
000906	(306.844, 378.763)	1
000906	(676.622, 438.748)	3
000907	(1111.958, 415.814)	2
000907	(304.169, 378.774)	1
000907	(676.510, 438.733)	3
000908	(1111.962, 415.783)	2
000908	(304.130, 378.777)	1
000908	(673.791, 438.792)	3
000909	(1111.954, 413.040)	2
000909	(304.188, 378.709)	1
000909	(673.661, 438.768)	3
000910	(1111.885, 415.798)	2
000910	(304.197, 378.761)	1
000910	(670.823, 438.821)	3
000911	(1111.917, 415.781)	2
000911	(304.177, 378.752)	1
000911	(665.078, 438.749)	3
000912	(1111.965, 415.810)	2
000912	(304.197, 378.762)	1
000912	(656.525, 435.912)	3
000913	(1112.058, 415.817)	2
000913	(306.846, 378.741)	1
000913	(653.672, 435.905)	3
000914	(1114.763, 415.869)	2
000914	(306.896, 378.729)	1
000914	(653.531, 435.912)	3
000915	(1114.905, 415.855)	2
000915	(306.873, 378.712)	1
000915	(650.780, 435.901)	3
000916	(1117.708, 415.838)	2
000916	(306.874, 378.713)	1
000916	(650.656, 435.885)	3
000917	(1123.358, 415.808)	2
000917	(306.842, 378.755)	1
000917	(650.628, 433.043)	3
000918	(1126.255, 415.849)	2
000918	(306.854, 378.771)	1
000918	(650.603, 433.040)	3
000919	(1129.065, 415.907)	2
000919	(306.847, 378.759)	1
000919	(647.927, 430.241)	3
000920	(1131.871, 418.616)	2
000920	(304.189, 378.781)	1
000920	(647.850, 430.214)	3
000921	(1132.017, 418.623)	2
000921	(304.182, 381.458)	1
000921	(647.805, 430.241)	3
000922	(1134.754, 418.648)	2
000922	(304.175, 378.783)	1
000922	(644.965, 430.243)	3
000923	(1134.888, 418.680)	2
000923	(306.840, 378.762)	1
000923	(642.148, 433.055)	3
000924	(1135.023, 418.673)	2
000924	(304.184, 378.698)	1
000924	(639.326, 433.096)	3
000925	(1137.808, 418.671)	2
000925	(304.159, 378.746)	1
000925	(636.484, 435.877)	3
000926	(1140.553, 418.672)	2
000926	(304.173, 378.752)	1
000926	(636.429, 433.094)	3
000927	(1140.599, 418.675)	2
000927	(306.845, 378.760)	1
000927	(636.427, 433.099)	3
000928	(1140.654, 418.684)	2
000928	(306.844, 378.764)	1
000928	(636.431, 433.099)	3
000929	(1143.412, 418.698)	2
000929	(306.860, 378.783)	1
000929	(636.427, 435.857)	3
000930	(1143.419, 418.684)	2
000930	(306.849, 378.764)	1
000930	(636.438, 433.105)	3
000931	(1143.404, 418.690)	2
000931	(306.863, 378.777)	1
000931	(636.497, 435.912)	3
000932	(1140.607, 418.696)	2
000932	(304.192, 378.773)	1
000932	(639.351, 433.068)	3
000933	(1140.581, 418.727)	2
000933	(304.197, 381.455)	1
000933	(642.195, 433.079)	3
000934	(1137.734, 418.702)	2
000934	(306.849, 381.435)	1
000934	(647.873, 433.015)	3
000935	(1135.003, 418.673)	2
000935	(306.864, 378.786)	1
000935	(647.932, 433.018)	3
000936	(1134.897, 418.640)	2
000936	(306.851, 378.762)	1
000936	(650.650, 430.217)	3
000937	(1134.809, 418.646)	2
000937	(306.867, 378.761)	1
000937	(650.843, 433.066)	3
000938	(1132.113, 418.646)	2
000938	(306.893, 378.789)	1
000938	(653.559, 433.095)	3
000939	(1132.031, 418.615)	2
000939	(306.885, 378.750)	1
000939	(653.644, 435.872)	3
000940	(1131.976, 418.618)	2
000940	(306.912, 378.758)	1
000940	(653.757, 438.696)	3
000941	(1131.936, 418.616)	2
000941	(306.844, 378.743)	1
000941	(656.500, 435.946)	3
000942	(1131.894, 418.602)	2
000942	(306.841, 378.747)	1
000942	(659.308, 435.932)	3
000943	(1131.833, 415.906)	2
000943	(304.166, 378.766)	1
000943	(665.022, 435.854)	3
000944	(1129.172, 418.606)	2
000944	(304.107, 378.763)	1
000944	(665.117, 435.857)	3
000945	(1129.179, 418.614)	2
000945	(304.177, 378.729)	1
000945	(667.909, 435.872)	3
000946	(1129.169, 418.610)	2
000946	(304.187, 378.774)	1
000946	(667.929, 435.866)	3
000947	(1131.830, 415.902)	2
000947	(304.165, 378.715)	1
000947	(667.922, 435.870)	3
000948	(1131.839, 415.882)	2
000948	(304.200, 378.759)	1
000948	(667.922, 435.913)	3
000949	(1131.846, 415.904)	2
000949	(306.845, 378.760)	1
000949	(667.887, 438.705)	3
000950	(1131.867, 415.892)	2
000950	(306.900, 378.750)	1
000950	(665.107, 438.746)	3
000951	(1131.880, 415.883)	2
000951	(306.873, 378.734)	1
000951	(662.270, 438.703)	3
000952	(1131.902, 415.866)	2
000952	(306.880, 378.733)	1
000952	(662.190, 435.923)	3
000953	(1131.906, 415.872)	2
000953	(306.841, 378.750)	1
000953	(659.299, 435.924)	3
000954	(1131.928, 415.870)	2
000954	(304.198, 378.785)	1
000954	(656.561, 435.906)	3
000955	(1131.946, 415.861)	2
000955	(306.845, 378.783)	1
000955	(656.466, 435.917)	3
000956	(1131.971, 415.856)	2
000956	(304.184, 381.440)	1
000956	(653.763, 438.705)	3
000957	(1131.963, 415.861)	2
000957	(304.174, 381.460)	1
000957	(653.723, 438.743)	3
000958	(1131.960, 415.864)	2
000958	(304.158, 378.772)	1
000958	(653.704, 438.748)	3
000959	(1131.977, 415.872)	2
000959	(304.168, 378.738)	1
000959	(653.678, 438.764)	3
000960	(1131.984, 415.859)	2
000960	(304.188, 378.724)	1
000960	(653.599, 438.742)	3
000961	(1131.962, 415.871)	2
000961	(304.157, 378.769)	1
000961	(653.589, 435.957)	3
000962	(1131.955, 415.870)	2
000962	(304.186, 378.746)	1
000962	(653.585, 438.707)	3
000963	(1131.964, 415.872)	2
000963	(306.848, 378.758)	1
000963	(653.567, 438.709)	3
000964	(1131.933, 415.865)	2
000964	(306.861, 378.767)	1
000964	(653.562, 438.711)	3
000965	(1131.907, 415.864)	2
000965	(306.881, 378.773)	1
000965	(653.557, 438.731)	3
000966	(1131.884, 415.879)	2
000966	(306.859, 378.760)	1
000966	(653.560, 438.766)	3
000967	(1131.875, 415.904)	2
000967	(306.879, 378.779)	1
000967	(653.563, 438.783)	3
000968	(1131.853, 415.896)	2
000968	(306.853, 378.764)	1
000968	(653.598, 438.780)	3
000969	(1131.831, 415.883)	2
000969	(306.868, 381.458)	1
000969	(653.677, 438.783)	3
000970	(1131.824, 415.891)	2
000970	(306.869, 381.453)	1
000970	(653.715, 438.784)	3
000971	(1129.181, 415.895)	2
000971	(306.870, 381.435)	1
000971	(653.736, 438.788)	3
000972	(1131.825, 415.892)	2
000972	(306.846, 378.746)	1
000972	(653.735, 438.792)	3
000973	(1129.189, 415.894)	2
000973	(306.873, 378.776)	1
000973	(653.723, 438.793)	3
000974	(1129.182, 415.898)	2
000974	(306.903, 378.780)	1
000974	(653.729, 441.559)	3
000975	(1129.182, 415.900)	2
000975	(306.902, 378.752)	1
000975	(653.723, 441.570)	3
000976	(1129.175, 415.893)	2
000976	(306.918, 378.767)	1
000976	(653.729, 441.573)	3
000977	(1129.172, 415.881)	2
000977	(306.846, 378.735)	1
000977	(653.708, 441.606)	3
000978	(1129.161, 415.856)	2
000978	(306.842, 378.757)	1
000978	(653.704, 441.624)	3
000979	(1129.151, 415.837)	2
000979	(304.169, 378.774)	1
000979	(653.715, 441.645)	3
000980	(1129.135, 415.823)	2
000980	(304.109, 378.756)	1
000980	(653.713, 441.655)	3
000981	(1129.118, 415.819)	2
000981	(304.200, 378.719)	1
000981	(653.675, 441.678)	3
000982	(1129.089, 415.799)	2
000982	(304.186, 378.758)	1
000982	(653.671, 441.698)	3
000983	(1129.090, 415.794)	2
000983	(304.180, 378.700)	1
000983	(653.668, 444.338)	3
000984	(1129.085, 415.791)	2
000984	(306.832, 378.760)	1
000984	(653.670, 441.695)	3
000985	(1129.094, 415.784)	2
000985	(306.858, 378.759)	1
000985	(653.702, 441.681)	3
000986	(1129.100, 413.044)	2
000986	(306.899, 378.722)	1
000986	(653.727, 441.671)	3
000987	(1129.112, 413.029)	2
000987	(306.873, 378.717)	1
000987	(653.726, 441.673)	3
000988	(1129.106, 415.810)	2
000988	(306.877, 378.726)	1
000988	(653.735, 441.664)	3
000989	(1129.117, 415.790)	2
000989	(306.861, 378.748)	1
000989	(653.746, 441.652)	3
000990	(1129.155, 415.795)	2
000990	(306.838, 381.425)	1
000990	(653.732, 441.637)	3
000991	(1129.169, 415.819)	2
000991	(306.836, 381.427)	1
000991	(653.749, 441.625)	3
000992	(1129.170, 415.829)	2
000992	(304.175, 381.449)	1
000992	(653.748, 441.615)	3
000993	(1131.830, 415.814)	2
000993	(304.187, 381.477)	1
000993	(653.744, 441.621)	3
000994	(1129.163, 415.839)	2
000994	(304.172, 378.787)	1
000994	(653.747, 441.624)	3
000995	(1129.172, 415.844)	2
000995	(304.193, 378.752)	1
000995	(653.761, 441.607)	3
000996	(1129.174, 415.861)	2
000996	(304.157, 378.707)	1
000996	(653.768, 441.605)	3
000997	(1129.180, 415.870)	2
000997	(304.155, 378.750)	1
000997	(653.773, 441.605)	3
000998	(1129.177, 415.886)	2
000998	(304.167, 378.727)	1
000998	(653.782, 441.599)	3
000999	(1131.827, 415.888)	2
000999	(306.840, 378.749)	1
000999	(653.778, 441.600)	3
001000	(1131.831, 415.891)	2
001000	(306.850, 378.742)	1
001000	(653.788, 441.592)	3
001001	(1131.835, 415.894)	2
001001	(306.872, 378.759)	1
001001	(653.792, 441.572)	3
001002	(1131.833, 415.895)	2
001002	(306.859, 378.762)	1
001002	(653.778, 441.559)	3
001003	(1129.185, 418.612)	2
001003	(306.865, 378.787)	1
001003	(653.766, 441.531)	3
001004	(1129.180, 418.608)	2
001004	(306.855, 378.788)	1
001004	(653.763, 438.823)	3
001005	(1129.185, 418.617)	2
001005	(306.848, 381.481)	1
001005	(653.761, 438.812)	3
001006	(1129.179, 418.620)	2
001006	(306.855, 381.439)	1
001006	(653.761, 438.802)	3
001007	(1129.176, 418.628)	2
001007	(306.873, 381.426)	1
001007	(653.763, 438.792)	3
001008	(1129.179, 418.628)	2
001008	(306.849, 378.748)	1
001008	(653.763, 438.784)	3
001009	(1129.184, 418.630)	2
001009	(306.867, 378.776)	1
001009	(653.763, 438.778)	3
001010	(1129.168, 418.636)	2
001010	(306.889, 378.778)	1
001010	(653.763, 438.778)	3
001011	(1129.175, 418.639)	2
001011	(306.899, 378.740)	1
001011	(653.764, 438.779)	3
001012	(1129.160, 418.639)	2
001012	(306.893, 378.765)	1
001012	(653.757, 438.787)	3
001013	(1129.146, 418.631)	2
001013	(304.202, 378.719)	1
001013	(653.761, 438.786)	3
001014	(1129.134, 418.631)	2
001014	(304.195, 378.753)	1
001014	(653.756, 438.792)	3
001015	(1129.127, 418.634)	2
001015	(304.157, 378.760)	1
001015	(653.752, 438.800)	3
001016	(1129.128, 418.634)	2
001016	(304.091, 378.756)	1
001016	(653.749, 438.794)	3
001017	(1129.112, 418.643)	2
001017	(304.189, 378.740)	1
001017	(653.751, 438.787)	3
001018	(1129.107, 418.639)	2
001018	(304.189, 378.780)	1
001018	(653.751, 438.781)	3
001019	(1129.101, 418.636)	2
001019	(304.169, 378.681)	1
001019	(653.748, 438.775)	3
001020	(1129.073, 418.633)	2
001020	(304.190, 378.758)	1
001020	(653.748, 438.792)	3
001021	(1129.069, 418.630)	2
001021	(306.844, 378.747)	1
001021	(653.753, 438.791)	3
001022	(1129.060, 418.632)	2
001022	(306.896, 378.725)	1
001022	(653.765, 438.800)	3
001023	(1129.049, 418.633)	2
001023	(306.873, 378.721)	1
001023	(653.770, 438.802)	3
001024	(1129.037, 418.626)	2
001024	(306.875, 378.730)	1
001024	(653.786, 438.816)	3
001025	(1129.031, 418.622)	2
001025	(306.841, 378.755)	1
001025	(653.787, 441.539)	3
001026	(1129.028, 415.907)	2
001026	(306.845, 381.426)	1
001026	(653.794, 441.573)	3
001027	(1129.029, 415.901)	2
001027	(304.196, 381.433)	1
001027	(653.783, 441.586)	3
001028	(1129.023, 415.884)	2
001028	(304.180, 381.446)	1
001028	(653.766, 441.611)	3
001029	(1129.013, 415.864)	2
001029	(304.184, 381.473)	1
001029	(653.761, 441.614)	3