000000	(312.833, 215.434)	1
000000	(647.778, 286.828)	2
000000	(882.768, 284.045)	3
000001	(312.816, 218.071)	1
000001	(644.974, 284.205)	2
000001	(882.658, 284.088)	3
000002	(312.849, 215.469)	1
000002	(639.356, 284.192)	2
000002	(879.910, 284.158)	3
000003	(312.850, 218.181)	1
000003	(639.325, 284.206)	2
000003	(879.861, 284.183)	3
000004	(312.837, 218.179)	1
000004	(636.460, 286.841)	2
000004	(879.838, 284.205)	3
000005	(312.814, 218.084)	1
000005	(636.399, 286.851)	2
000005	(879.754, 286.817)	3
000006	(312.784, 215.452)	1
000006	(633.634, 286.855)	2
000006	(877.016, 286.855)	3
000007	(312.770, 215.436)	1
000007	(630.834, 286.857)	2
000007	(874.155, 286.854)	3
000008	(312.784, 215.471)	1
000008	(630.732, 286.891)	2
000008	(874.114, 286.848)	3
000009	(312.752, 218.226)	1
000009	(630.627, 286.870)	2
000009	(874.111, 286.879)	3
000010	(312.758, 218.185)	1
000010	(630.576, 286.871)	2
000010	(871.336, 286.888)	3
000011	(312.835, 218.095)	1
000011	(630.570, 286.912)	2
000011	(871.299, 286.877)	3
000012	(312.850, 218.074)	1
000012	(627.951, 286.903)	2
000012	(871.266, 286.866)	3
000013	(312.830, 215.397)	1
000013	(627.895, 286.943)	2
000013	(868.446, 286.858)	3
000014	(312.834, 215.390)	1
000014	(627.857, 286.984)	2
000014	(868.425, 286.876)	3
000015	(312.852, 215.437)	1
000015	(627.849, 287.013)	2
000015	(868.478, 286.885)	3
000016	(315.559, 215.473)	1
000016	(627.850, 287.085)	2
000016	(868.429, 286.949)	3
000017	(315.553, 215.434)	1
000017	(627.842, 289.774)	2
000017	(868.475, 287.018)	3
000018	(312.820, 215.344)	1
000018	(627.847, 289.815)	2
000018	(868.408, 289.763)	3
000019	(312.796, 215.331)	1
000019	(627.869, 289.891)	2
000019	(868.403, 289.855)	3
000020	(312.785, 215.344)	1
000020	(627.904, 292.645)	2
000020	(868.489, 289.901)	3
000021	(312.781, 215.417)	1
000021	(627.891, 292.724)	2
000021	(871.277, 289.939)	3
000022	(312.787, 215.442)	1
000022	(627.923, 292.694)	2
000022	(871.296, 292.649)	3
000023	(312.808, 215.459)	1
000023	(630.584, 292.755)	2
000023	(871.293, 289.900)	3
000024	(312.806, 215.419)	1
000024	(630.619, 295.528)	2
000024	(874.137, 289.829)	3
000025	(312.766, 215.373)	1
000025	(630.634, 292.711)	2
000025	(876.963, 287.090)	3
000026	(312.758, 215.354)	1
000026	(630.709, 289.873)	2
000026	(877.051, 286.927)	3
000027	(312.793, 215.390)	1
000027	(630.788, 289.847)	2
000027	(879.760, 286.856)	3
000028	(312.806, 215.403)	1
000028	(630.850, 287.082)	2
000028	(879.769, 286.849)	3
000029	(312.822, 215.380)	1
000029	(633.528, 287.000)	2
000029	(879.828, 286.811)	3
000030	(315.573, 215.324)	1
000030	(633.580, 286.913)	2
000030	(879.902, 286.859)	3
000031	(312.823, 215.339)	1
000031	(633.635, 287.006)	2
000031	(880.004, 286.936)	3
000032	(312.817, 215.347)	1
000032	(636.437, 287.081)	2
000032	(882.653, 287.111)	3
000033	(312.811, 215.387)	1
000033	(642.169, 287.123)	2
000033	(882.824, 289.908)	3
000034	(312.778, 215.460)	1
000034	(645.035, 289.826)	2
000034	(882.879, 289.910)	3
000035	(312.801, 218.115)	1
000035	(647.860, 292.673)	2
000035	(882.894, 292.758)	3
000036	(312.823, 215.467)	1
000036	(647.891, 292.693)	2
000036	(882.913, 301.251)	3
000037	(312.828, 215.441)	1
000037	(650.618, 295.588)	2
000037	(885.634, 304.122)	3
000038	(312.830, 218.082)	1
000038	(650.644, 301.244)	2
000038	(888.461, 304.160)	3
000039	(312.825, 218.146)	1
000039	(650.711, 304.059)	2
000039	(888.483, 304.175)	3
000040	(315.566, 218.104)	1
000040	(650.754, 304.113)	2
000040	(891.357, 304.083)	3
000041	(312.832, 215.438)	1
000041	(650.775, 304.129)	2
000041	(894.205, 298.382)	3
000042	(312.809, 215.391)	1
000042	(650.816, 304.178)	2
000042	(894.197, 292.662)	3
000043	(312.787, 215.422)	1
000043	(650.813, 304.042)	2
000043	(891.420, 289.846)	3
000044	(312.796, 215.436)	1
000044	(650.755, 298.355)	2
000044	(888.517, 287.005)	3
000045	(312.773, 218.177)	1
000045	(650.788, 292.669)	2
000045	(885.751, 284.162)	3
000046	(312.754, 218.128)	1
000046	(650.695, 289.822)	2
000046	(885.668, 284.075)	3
000047	(312.817, 215.447)	1
000047	(650.617, 287.016)	2
000047	(882.920, 284.022)	3
000048	(312.830, 215.390)	1
000048	(647.941, 286.856)	2
000048	(882.860, 284.037)	3
000049	(312.848, 215.371)	1
000049	(647.838, 284.213)	2
000049	(882.770, 284.044)	3
000050	(312.830, 215.373)	1
000050	(644.972, 284.211)	2
000050	(882.667, 284.083)	3
000051	(315.548, 215.421)	1
000051	(642.166, 284.169)	2
000051	(879.938, 284.163)	3
000052	(315.558, 215.446)	1
000052	(639.261, 284.215)	2
000052	(879.847, 284.200)	3
000053	(315.560, 215.435)	1
000053	(636.456, 286.823)	2
000053	(879.836, 284.227)	3
000054	(312.830, 215.354)	1
000054	(636.384, 286.834)	2
000054	(879.761, 286.819)	3
000055	(312.790, 215.336)	1
000055	(633.613, 286.890)	2
000055	(877.023, 286.859)	3
000056	(312.777, 215.334)	1
000056	(630.824, 286.840)	2
000056	(874.197, 286.873)	3
000057	(312.784, 215.377)	1
000057	(630.752, 286.907)	2
000057	(874.109, 286.834)	3
000058	(312.807, 215.421)	1
000058	(630.602, 286.876)	2
000058	(874.126, 286.878)	3
000059	(312.816, 218.089)	1
000059	(630.581, 286.874)	2
000059	(871.338, 286.906)	3
000060	(312.835, 215.379)	1
000060	(627.967, 286.932)	2
000060	(871.269, 286.872)	3
000061	(312.799, 215.325)	1
000061	(627.948, 286.969)	2
000061	(871.261, 286.886)	3
000062	(312.778, 215.378)	1
000062	(627.883, 286.986)	2
000062	(868.427, 286.873)	3
000063	(312.806, 215.362)	1
000063	(627.829, 286.982)	2
000063	(868.409, 286.877)	3
000064	(312.818, 215.377)	1
000064	(627.833, 287.035)	2
000064	(868.456, 286.889)	3
000065	(312.851, 215.409)	1
000065	(627.847, 287.120)	2
000065	(865.653, 286.957)	3
000066	(315.562, 215.288)	1
000066	(627.817, 289.839)	2
000066	(868.467, 287.026)	3
000067	(312.818, 215.319)	1
000067	(627.854, 289.842)	2
000067	(868.412, 289.769)	3
000068	(312.796, 215.331)	1
000068	(627.881, 289.882)	2
000068	(868.408, 289.874)	3
000069	(312.778, 215.374)	1
000069	(627.907, 289.936)	2
000069	(868.470, 289.933)	3
000070	(312.772, 215.410)	1
000070	(627.893, 292.732)	2
000070	(868.487, 292.661)	3
000071	(312.778, 218.125)	1
000071	(627.936, 292.678)	2
000071	(871.293, 292.684)	3
000072	(312.809, 215.439)	1
000072	(630.590, 292.745)	2
000072	(871.275, 289.910)	3
000073	(312.793, 215.450)	1
000073	(630.623, 295.535)	2
000073	(874.127, 289.814)	3
000074	(312.806, 218.104)	1
000074	(630.632, 292.709)	2
000074	(876.972, 287.079)	3
000075	(312.810, 218.184)	1
000075	(630.691, 289.879)	2
000075	(877.047, 286.937)	3
000076	(315.555, 218.100)	1
000076	(630.795, 289.851)	2
000076	(879.773, 286.858)	3
000077	(312.816, 215.408)	1
000077	(630.837, 287.085)	2
000077	(879.774, 286.833)	3
000078	(312.799, 215.398)	1
000078	(633.540, 287.028)	2
000078	(879.845, 284.230)	3
000079	(312.786, 215.392)	1
000079	(633.562, 286.924)	2
000079	(879.899, 286.858)	3
000080	(312.779, 215.429)	1
000080	(633.623, 286.991)	2
000080	(880.008, 286.962)	3
000081	(312.736, 218.191)	1
000081	(636.449, 287.069)	2
000081	(882.662, 287.115)	3
000082	(312.751, 218.107)	1
000082	(642.178, 289.765)	2
000082	(882.828, 289.898)	3
000083	(312.824, 218.097)	1
000083	(645.051, 289.866)	2
000083	(882.863, 289.923)	3
000084	(312.840, 215.409)	1
000084	(647.878, 292.679)	2
000084	(882.898, 292.740)	3
000085	(312.845, 215.385)	1
000085	(647.905, 292.680)	2
000085	(882.926, 301.256)	3
000086	(312.834, 215.380)	1
000086	(650.623, 295.589)	2
000086	(885.626, 304.123)	3
000087	(312.838, 215.435)	1
000087	(650.649, 301.238)	2
000087	(888.509, 304.191)	3
000088	(315.554, 215.455)	1
000088	(650.728, 304.051)	2
000088	(888.539, 304.190)	3
000089	(312.852, 215.458)	1
000089	(650.754, 304.110)	2
000089	(891.399, 304.066)	3
000090	(312.833, 215.370)	1
000090	(650.797, 304.142)	2
000090	(894.180, 298.394)	3
000091	(312.809, 215.347)	1
000091	(650.823, 304.159)	2
000091	(894.223, 292.676)	3
000092	(312.778, 215.342)	1
000092	(650.825, 304.051)	2
000092	(891.405, 289.854)	3
000093	(312.778, 215.394)	1
000093	(650.756, 295.602)	2
000093	(888.497, 286.991)	3
000094	(312.795, 215.443)	1
000094	(650.796, 292.682)	2
000094	(885.742, 284.174)	3
000095	(312.811, 218.088)	1
000095	(650.708, 289.812)	2
000095	(885.657, 284.078)	3
000096	(312.837, 215.397)	1
000096	(650.619, 287.000)	2
000096	(882.916, 284.032)	3
000097	(312.785, 215.350)	1
000097	(650.581, 286.865)	2
000097	(882.858, 284.043)	3
000098	(312.753, 215.361)	1
000098	(647.822, 284.222)	2
000098	(882.780, 284.049)	3
000099	(312.780, 215.385)	1
000099	(644.983, 284.220)	2
000099	(882.680, 284.090)	3
000100	(312.790, 215.415)	1
000100	(642.131, 284.204)	2
000100	(879.932, 284.179)	3
000101	(312.818, 215.405)	1
000101	(639.273, 286.823)	2
000101	(879.857, 284.228)	3
000102	(315.565, 215.296)	1
000102	(636.457, 286.838)	2
000102	(879.833, 284.233)	3
000103	(312.803, 215.302)	1
000103	(636.408, 286.840)	2
000103	(879.762, 286.833)	3
000104	(312.792, 215.332)	1
000104	(633.627, 286.898)	2
000104	(877.013, 286.844)	3
000105	(312.759, 215.372)	1
000105	(630.816, 286.877)	2
000105	(874.167, 286.864)	3
000106	(312.766, 215.430)	1
000106	(630.758, 286.911)	2
000106	(874.112, 286.840)	3
000107	(312.792, 218.102)	1
000107	(630.671, 286.906)	2
000107	(874.111, 286.866)	3
000108	(312.795, 215.437)	1
000108	(630.585, 286.881)	2
000108	(871.335, 286.896)	3
000109	(312.792, 215.406)	1
000109	(630.574, 286.933)	2
000109	(871.290, 286.873)	3
000110	(312.810, 218.095)	1
000110	(627.945, 286.955)	2
000110	(871.259, 286.876)	3
000111	(312.805, 218.187)	1
000111	(627.880, 286.966)	2
000111	(868.456, 286.889)	3
000112	(312.842, 218.121)	1
000112	(627.839, 286.998)	2
000112	(868.418, 286.825)	3
000113	(312.823, 215.431)	1
000113	(627.831, 287.042)	2
000113	(868.462, 286.907)	3
000114	(312.792, 215.365)	1
000114	(627.839, 289.768)	2
000114	(865.653, 286.964)	3
000115	(312.775, 215.411)	1
000115	(627.831, 289.801)	2
000115	(868.478, 287.034)	3
000116	(312.784, 215.416)	1
000116	(627.849, 289.818)	2
000116	(865.671, 289.772)	3
000117	(312.733, 218.175)	1
000117	(627.875, 289.863)	2
000117	(868.410, 289.886)	3
000118	(312.741, 218.132)	1
000118	(627.896, 292.640)	2
000118	(868.473, 292.634)	3
000119	(312.820, 218.093)	1
000119	(627.881, 292.746)	2
000119	(868.498, 292.680)	3
000120	(312.825, 215.405)	1
000120	(627.929, 292.695)	2
000120	(871.336, 292.700)	3
000121	(312.843, 215.372)	1
000121	(630.582, 292.738)	2
000121	(871.308, 289.909)	3
000122	(312.831, 215.371)	1
000122	(630.623, 295.511)	2
000122	(874.124, 289.850)	3
000123	(312.849, 215.454)	1
000123	(630.634, 292.686)	2
000123	(876.950, 287.094)	3
000124	(312.852, 215.450)	1
000124	(630.697, 289.871)	2
000124	(877.025, 286.943)	3
000125	(315.575, 215.409)	1
000125	(630.796, 289.849)	2
000125	(879.756, 286.851)	3
000126	(312.819, 215.336)	1
000126	(630.852, 287.071)	2
000126	(879.782, 286.829)	3
000127	(312.804, 215.317)	1
000127	(633.531, 287.014)	2
000127	(879.840, 284.219)	3
000128	(312.782, 215.324)	1
000128	(633.560, 286.934)	2
000128	(879.901, 286.869)	3
000129	(312.789, 215.413)	1
000129	(633.656, 287.014)	2
000129	(880.010, 286.969)	3
000130	(312.830, 215.426)	1
000130	(636.449, 287.068)	2
000130	(882.665, 287.119)	3
000131	(312.817, 218.099)	1
000131	(642.199, 287.086)	2
000131	(882.826, 289.920)	3
000132	(312.827, 215.391)	1
000132	(645.051, 289.851)	2
000132	(882.863, 289.929)	3
000133	(312.781, 215.340)	1
000133	(647.852, 292.675)	2
000133	(882.888, 295.497)	3
000134	(312.770, 215.371)	1
000134	(647.905, 292.719)	2
000134	(882.906, 301.235)	3
000135	(312.780, 215.383)	1
000135	(650.626, 295.608)	2
000135	(885.646, 304.145)	3
000136	(312.799, 215.424)	1
000136	(650.643, 301.237)	2
000136	(888.517, 304.169)	3
000137	(312.829, 215.414)	1
000137	(650.729, 304.069)	2
000137	(888.530, 304.184)	3
000138	(315.580, 215.302)	1
000138	(650.774, 304.137)	2
000138	(891.377, 304.089)	3
000139	(312.819, 215.314)	1
000139	(650.817, 304.161)	2
000139	(894.233, 298.419)	3
000140	(312.793, 215.351)	1
000140	(650.838, 306.831)	2
000140	(894.200, 292.695)	3
000141	(312.774, 215.378)	1
000141	(650.824, 304.077)	2
000141	(891.428, 289.868)	3
000142	(312.771, 215.435)	1
000142	(650.781, 298.381)	2
000142	(888.498, 286.994)	3
000143	(312.779, 218.127)	1
000143	(650.803, 292.664)	2
000143	(885.756, 284.201)	3
000144	(312.799, 215.447)	1
000144	(650.700, 289.810)	2
000144	(885.670, 284.073)	3
000145	(312.796, 215.457)	1
000145	(650.604, 287.024)	2
000145	(882.914, 284.046)	3
000146	(312.808, 218.109)	1
000146	(647.943, 286.869)	2
000146	(882.866, 284.046)	3
000147	(312.781, 218.199)	1
000147	(647.838, 286.821)	2
000147	(882.772, 284.041)	3
000148	(312.841, 218.111)	1
000148	(644.978, 286.835)	2
000148	(882.675, 284.074)	3
000149	(312.808, 215.424)	1
000149	(642.143, 284.193)	2
000149	(879.936, 284.167)	3
000150	(312.814, 215.397)	1
000150	(642.133, 284.182)	2
000150	(879.960, 286.833)	3
000151	(312.779, 215.414)	1
000151	(639.244, 286.813)	2
000151	(879.953, 286.911)	3
000152	(312.773, 215.411)	1
000152	(639.266, 286.987)	2
000152	(879.977, 286.985)	3
000153	(312.739, 218.172)	1
000153	(636.413, 287.059)	2
000153	(880.015, 287.063)	3
000154	(312.759, 218.126)	1
000154	(636.448, 287.086)	2
000154	(882.678, 287.099)	3
000155	(312.821, 218.092)	1
000155	(636.424, 289.831)	2
000155	(882.705, 289.765)	3
000156	(312.855, 215.464)	1
000156	(636.421, 289.884)	2
000156	(882.787, 289.825)	3
000157	(312.852, 215.423)	1
000157	(636.463, 289.891)	2
000157	(882.849, 289.854)	3
000158	(312.847, 215.454)	1
000158	(636.468, 289.903)	2
000158	(882.873, 289.870)	3
000159	(312.848, 215.463)	1
000159	(636.479, 289.906)	2
000159	(882.872, 289.867)	3
000160	(312.844, 218.101)	1
000160	(636.473, 289.913)	2
000160	(882.872, 289.865)	3
000161	(315.564, 215.416)	1
000161	(636.477, 289.914)	2
000161	(882.875, 289.865)	3
000162	(312.822, 215.370)	1
000162	(636.480, 289.908)	2
000162	(882.876, 289.859)	3
000163	(312.820, 215.355)	1
000163	(636.479, 289.882)	2
000163	(882.876, 289.859)	3
000164	(312.793, 215.342)	1
000164	(636.437, 289.910)	2
000164	(882.883, 289.856)	3
000165	(312.765, 215.420)	1
000165	(636.450, 289.906)	2
000165	(882.880, 289.854)	3
000166	(312.772, 218.075)	1
000166	(636.420, 289.914)	2
000166	(882.884, 289.853)	3
000167	(312.808, 218.099)	1
000167	(636.406, 289.908)	2
000167	(882.892, 289.847)	3
000168	(312.803, 215.421)	1
000168	(636.400, 289.913)	2
000168	(882.891, 289.845)	3
000169	(312.767, 215.387)	1
000169	(636.385, 289.914)	2
000169	(882.891, 289.847)	3
000170	(312.748, 215.394)	1
000170	(636.378, 289.915)	2
000170	(882.895, 289.855)	3
000171	(312.784, 215.406)	1
000171	(633.686, 289.922)	2
000171	(882.893, 289.856)	3
000172	(312.783, 215.443)	1
000172	(633.687, 289.923)	2
000172	(882.888, 289.867)	3
000173	(312.816, 215.436)	1
000173	(633.685, 289.923)	2
000173	(882.887, 289.868)	3
000174	(315.548, 215.323)	1
000174	(633.683, 289.925)	2
000174	(882.885, 289.870)	3
000175	(312.781, 215.358)	1
000175	(633.660, 289.925)	2
000175	(882.886, 289.877)	3
000176	(312.786, 215.368)	1
000176	(633.665, 289.923)	2
000176	(882.889, 289.876)	3
000177	(312.767, 215.403)	1
000177	(633.670, 289.921)	2
000177	(882.891, 289.872)	3
000178	(312.772, 215.453)	1
000178	(633.662, 289.924)	2
000178	(882.895, 289.874)	3
000179	(312.759, 218.131)	1
000179	(633.654, 289.921)	2
000179	(882.894, 289.874)	3
000180	(312.793, 215.463)	1
000180	(633.647, 289.940)	2
000180	(882.888, 289.869)	3
000181	(312.787, 215.451)	1
000181	(633.644, 289.940)	2
000181	(882.886, 289.868)	3
000182	(312.797, 218.135)	1
000182	(633.643, 292.632)	2
000182	(882.884, 289.869)	3
000183	(312.787, 218.225)	1
000183	(633.641, 292.640)	2
000183	(882.887, 289.862)	3
000184	(312.845, 218.149)	1
000184	(633.636, 292.646)	2
000184	(882.892, 289.863)	3
000185	(312.809, 218.075)	1
000185	(633.631, 292.635)	2
000185	(882.895, 289.864)	3
000186	(312.788, 215.444)	1
000186	(633.625, 292.635)	2
000186	(882.891, 289.867)	3
000187	(312.786, 215.444)	1
000187	(633.622, 292.638)	2
000187	(882.880, 289.866)	3
000188	(312.774, 215.440)	1
000188	(633.622, 292.635)	2
000188	(882.871, 289.864)	3
000189	(312.766, 218.186)	1
000189	(633.613, 292.633)	2
000189	(882.867, 289.863)	3
000190	(312.770, 218.157)	1
000190	(633.602, 292.638)	2
000190	(882.862, 289.862)	3
000191	(312.829, 218.119)	1
000191	(633.596, 292.635)	2
000191	(882.859, 289.858)	3
000192	(312.836, 218.093)	1
000192	(633.596, 292.643)	2
000192	(882.852, 289.859)	3
000193	(312.844, 215.412)	1
000193	(633.595, 292.639)	2
000193	(882.850, 289.861)	3
000194	(312.824, 215.437)	1
000194	(633.593, 292.645)	2
000194	(882.850, 289.864)	3
000195	(312.844, 218.089)	1
000195	(633.594, 292.649)	2
000195	(882.843, 289.865)	3
000196	(312.843, 218.108)	1
000196	(633.595, 292.653)	2
000196	(882.836, 289.860)	3
000197	(312.839, 215.418)	1
000197	(633.598, 292.654)	2
000197	(882.830, 289.863)	3
000198	(312.809, 215.379)	1
000198	(633.606, 292.651)	2
000198	(882.825, 289.863)	3
000199	(312.791, 215.382)	1
000199	(633.611, 292.649)	2
000199	(882.822, 289.859)	3
000200	(312.772, 215.390)	1
000200	(633.610, 292.654)	2
000200	(882.818, 289.862)	3
000201	(312.768, 215.421)	1
000201	(633.618, 292.647)	2
000201	(882.814, 289.868)	3
000202	(312.784, 215.446)	1
000202	(633.619, 292.662)	2
000202	(882.813, 289.865)	3
000203	(312.805, 218.109)	1
000203	(633.626, 292.669)	2
000203	(882.814, 289.869)	3
000204	(312.800, 215.399)	1
000204	(633.637, 292.679)	2
000204	(882.803, 289.872)	3
000205	(312.776, 215.372)	1
000205	(633.640, 292.674)	2
000205	(882.804, 289.876)	3
000206	(312.745, 215.394)	1
000206	(633.657, 292.661)	2
000206	(882.807, 289.874)	3
000207	(312.773, 215.399)	1
000207	(633.670, 292.660)	2
000207	(882.807, 289.875)	3
000208	(312.773, 215.436)	1
000208	(633.674, 292.640)	2
000208	(882.806, 289.875)	3
000209	(312.819, 215.443)	1
000209	(633.662, 292.637)	2
000209	(882.798, 289.872)	3
000210	(315.556, 215.310)	1
000210	(636.386, 289.941)	2
000210	(882.782, 289.867)	3
000211	(312.801, 215.358)	1
000211	(636.389, 289.939)	2
000211	(882.730, 289.824)	3
000212	(312.782, 215.373)	1
000212	(636.399, 289.936)	2
000212	(882.691, 289.815)	3
000213	(312.759, 215.411)	1
000213	(636.397, 289.936)	2
000213	(882.692, 289.817)	3
000214	(312.751, 215.468)	1
000214	(636.408, 289.932)	2
000214	(882.711, 289.806)	3
000215	(312.787, 218.140)	1
000215	(636.410, 289.932)	2
000215	(882.736, 289.791)	3
000216	(312.787, 218.102)	1
000216	(636.421, 289.932)	2
000216	(882.771, 289.767)	3
000217	(312.773, 218.079)	1
000217	(636.428, 289.936)	2
000217	(882.820, 287.128)	3
000218	(312.822, 218.117)	1
000218	(636.432, 289.933)	2
000218	(882.946, 287.128)	3
000219	(312.818, 218.241)	1
000219	(636.428, 289.928)	2
000219	(885.610, 287.111)	3
000220	(315.549, 218.127)	1
000220	(636.423, 289.932)	2
000220	(885.611, 287.078)	3
000221	(312.802, 215.461)	1
000221	(636.425, 289.937)	2
000221	(885.596, 287.055)	3
000222	(312.786, 215.421)	1
000222	(636.433, 289.938)	2
000222	(882.867, 287.079)	3
000223	(312.760, 215.461)	1
000223	(636.436, 292.642)	2
000223	(882.818, 289.815)	3
000224	(312.768, 215.471)	1
000224	(636.434, 292.646)	2
000224	(882.653, 289.919)	3
000225	(312.742, 218.176)	1
000225	(636.424, 292.645)	2
000225	(879.871, 292.646)	3
000226	(312.751, 218.168)	1
000226	(636.458, 289.937)	2
000226	(877.028, 292.739)	3
000227	(312.808, 218.100)	1
000227	(639.259, 289.896)	2
000227	(865.658, 289.891)	3
000228	(312.851, 218.112)	1
000228	(636.506, 289.894)	2
000228	(862.699, 289.846)	3
000229	(312.840, 215.407)	1
000229	(636.448, 289.906)	2
000229	(859.822, 287.019)	3
000230	(312.839, 215.420)	1
000230	(636.401, 289.926)	2
000230	(856.977, 286.831)	3
000231	(312.855, 218.098)	1
000231	(633.672, 289.901)	2
000231	(854.160, 283.991)	3
000232	(312.845, 218.118)	1
000232	(633.681, 289.901)	2
000232	(845.544, 281.113)	3
000233	(315.554, 215.466)	1
000233	(636.480, 289.916)	2
000233	(839.839, 269.806)	3
000234	(312.846, 215.422)	1
000234	(642.132, 289.920)	2
000234	(837.064, 266.923)	3
000235	(312.821, 215.392)	1
000235	(647.860, 289.923)	2
000235	(836.892, 264.174)	3
000236	(312.798, 215.374)	1
000236	(650.731, 289.887)	2
000236	(834.124, 264.200)	3
000237	(312.796, 215.425)	1
000237	(653.533, 292.707)	2
000237	(833.910, 264.137)	3
000238	(312.805, 215.456)	1
000238	(653.781, 295.519)	2
000238	(822.632, 264.167)	3
000239	(312.808, 218.104)	1
000239	(665.040, 298.444)	2
000239	(816.922, 266.861)	3
000240	(312.821, 215.387)	1
000240	(673.593, 301.296)	2
000240	(814.071, 266.865)	3
000241	(312.788, 215.358)	1
000241	(676.599, 298.453)	2
000241	(811.270, 266.854)	3
000242	(312.761, 215.371)	1
000242	(685.184, 298.363)	2
000242	(811.055, 264.104)	3
000243	(312.783, 215.389)	1
000243	(696.515, 295.547)	2
000243	(805.390, 261.258)	3
000244	(312.784, 215.421)	1
000244	(699.534, 289.891)	2
000244	(793.988, 261.028)	3
000245	(312.824, 215.428)	1
000245	(710.877, 287.007)	2
000245	(788.359, 252.525)	3
000246	(315.562, 215.304)	1
000246	(719.336, 284.166)	2
000246	(788.103, 243.932)	3
000247	(312.801, 215.352)	1
000247	(719.494, 284.095)	2
000247	(779.595, 238.372)	3
000248	(312.787, 215.366)	1
000248	(719.581, 284.136)	2
000248	(768.341, 238.132)	3
000249	(312.773, 215.398)	1
000249	(765.454, 229.670)	3
000250	(312.786, 218.095)	1
000250	(765.221, 226.817)	3
000251	(312.815, 218.127)	1
000251	(748.244, 229.608)	3
000252	(312.786, 218.082)	1
000252	(745.241, 226.844)	3
000253	(312.776, 215.457)	1
000253	(742.354, 232.484)	3
000254	(312.793, 218.115)	1
000254	(736.642, 232.464)	3
000255	(312.813, 218.197)	1
000255	(722.503, 232.451)	3
000256	(312.825, 218.149)	1
000256	(719.602, 229.633)	3
000256	(788.270, 281.231)	2
000257	(312.777, 218.097)	1
000257	(713.714, 226.851)	3
000257	(791.039, 281.229)	2
000258	(312.802, 218.073)	1
000258	(699.613, 223.961)	3
000258	(796.825, 278.293)	2
000259	(312.772, 218.107)	1
000259	(699.398, 218.335)	3
000259	(811.111, 272.612)	2
000260	(312.773, 215.460)	1
000260	(693.760, 215.449)	3
000260	(814.135, 269.763)	2
000261	(312.746, 218.220)	1
000261	(687.968, 212.405)	3
000261	(831.239, 264.138)	2
000262	(312.746, 218.173)	1
000262	(682.324, 203.870)	3
000262	(842.676, 261.298)	2
000263	(312.801, 218.091)	1
000263	(679.406, 198.128)	3
000263	(859.857, 258.337)	2
000264	(312.850, 218.121)	1
000264	(676.676, 195.299)	3
000264	(879.774, 249.737)	2
000265	(312.834, 215.449)	1
000265	(676.456, 195.163)	3
000265	(885.727, 241.174)	2
000266	(312.846, 215.438)	1
000266	(673.803, 192.499)	3
000266	(905.593, 238.287)	2
000267	(315.550, 218.115)	1
000267	(673.798, 192.324)	3
000267	(922.913, 238.300)	2
000268	(312.842, 218.126)	1
000268	(673.730, 189.610)	3
000268	(940.012, 241.029)	2
000269	(312.831, 215.425)	1
000269	(673.633, 186.704)	3
000269	(951.415, 238.375)	2
000270	(312.831, 215.403)	1
000270	(673.661, 189.498)	3
000270	(965.803, 240.997)	2
000271	(312.820, 215.407)	1
000271	(673.715, 183.881)	3
000271	(971.643, 241.042)	2
000272	(312.800, 215.390)	1
000272	(673.729, 178.116)	3
000272	(980.231, 241.023)	2
000273	(312.807, 215.411)	1
000273	(673.698, 175.339)	3
000273	(994.602, 241.014)	2
000274	(1005.976, 238.130)	2
000274	(312.804, 215.436)	1
000274	(673.614, 175.214)	3
000275	(1020.359, 235.376)	2
000275	(312.819, 218.090)	1
000275	(673.577, 175.218)	3
000276	(1028.891, 221.182)	2
000276	(312.816, 215.400)	1
000276	(673.578, 175.214)	3
000277	(1040.400, 218.153)	2
000277	(312.785, 215.396)	1
000277	(673.567, 172.533)	3
000278	(1054.628, 215.334)	2
000278	(312.743, 215.370)	1
000278	(673.510, 172.479)	3
000279	(1063.312, 215.234)	2
000279	(312.769, 215.372)	1
000279	(670.803, 172.517)	3
000280	(1068.964, 209.637)	2
000280	(312.759, 215.433)	1
000280	(670.772, 172.501)	3
000281	(1086.254, 212.492)	2
000281	(312.821, 215.448)	1
000281	(670.728, 175.206)	3
000282	(1091.854, 209.646)	2
000282	(315.553, 215.299)	1
000282	(670.688, 175.267)	3
000283	(1100.444, 209.534)	2
000283	(312.813, 215.370)	1
000283	(667.930, 175.318)	3
000284	(1106.253, 203.900)	2
000284	(312.792, 215.372)	1
000284	(667.890, 175.309)	3
000285	(1109.203, 201.087)	2
000285	(312.782, 215.434)	1
000285	(665.091, 175.319)	3
000286	(1109.148, 201.000)	2
000286	(312.768, 218.084)	1
000286	(662.262, 175.358)	3
000287	(1109.068, 198.259)	2
000287	(312.789, 218.085)	1
000287	(665.031, 175.354)	3
000288	(1109.106, 200.984)	2
000288	(312.805, 215.471)	1
000288	(662.256, 178.075)	3
000289	(1109.193, 201.037)	2
000289	(312.787, 215.442)	1
000289	(662.251, 178.067)	3
000290	(1109.176, 203.835)	2
000290	(312.794, 215.468)	1
000290	(662.225, 178.066)	3
000291	(1111.891, 203.909)	2
000291	(312.800, 218.177)	1
000291	(662.223, 178.055)	3
000292	(1112.079, 206.795)	2
000292	(312.814, 218.097)	1
000292	(662.181, 178.061)	3
000293	(1117.643, 209.585)	2
000293	(312.806, 215.459)	1
000293	(662.167, 178.083)	3
000294	(1117.672, 209.643)	2
000294	(312.799, 215.422)	1
000294	(662.163, 178.058)	3
000295	(1117.695, 209.648)	2
000295	(312.780, 215.448)	1
000295	(662.171, 175.342)	3
000296	(1117.643, 212.362)	2
000296	(312.773, 215.456)	1
000296	(662.160, 175.320)	3
000297	(1114.923, 209.656)	2
000297	(312.756, 218.175)	1
000297	(662.163, 175.313)	3
000298	(1114.854, 209.581)	2
000298	(312.739, 218.154)	1
000298	(659.420, 175.317)	3
000299	(1114.785, 209.600)	2
000299	(312.797, 218.105)	1
000299	(659.412, 175.313)	3
000300	(1111.949, 212.404)	2
000300	(312.853, 218.117)	1
000300	(659.406, 175.309)	3
000301	(1109.125, 212.401)	2
000301	(312.855, 215.426)	1
000301	(659.366, 175.348)	3
000302	(1109.014, 212.470)	2
000302	(312.842, 215.412)	1
000302	(659.354, 178.104)	3
000303	(1103.275, 212.460)	2
000303	(312.854, 215.472)	1
000303	(656.563, 178.175)	3
000304	(1094.832, 212.483)	2
000304	(312.833, 218.111)	1
000304	(656.422, 180.930)	3
000305	(1094.722, 212.504)	2
000305	(315.556, 215.393)	1
000305	(653.670, 180.968)	3
000306	(1091.933, 212.502)	2
000306	(312.828, 215.387)	1
000306	(653.512, 183.785)	3
000307	(1091.844, 212.472)	2
000307	(312.821, 215.367)	1
000307	(650.793, 186.672)	3
000308	(1089.188, 212.443)	2
000308	(312.789, 215.354)	1
000308	(650.679, 189.451)	3
000309	(1091.834, 212.414)	2
000309	(312.795, 215.365)	1
000309	(650.610, 189.550)	3
000310	(1091.888, 212.425)	2
000310	(312.810, 215.409)	1
000310	(650.619, 189.506)	3
000311	(1091.928, 212.434)	2
000311	(312.821, 218.084)	1
000311	(650.619, 189.554)	3
000312	(1094.788, 212.424)	2
000312	(312.819, 215.400)	1
000312	(650.627, 189.493)	3
000313	(1100.485, 212.472)	2
000313	(312.772, 215.357)	1
000313	(650.674, 189.491)	3
000314	(1106.157, 212.440)	2
000314	(312.747, 215.393)	1
000314	(650.783, 189.570)	3
000315	(1108.986, 209.627)	2
000315	(312.770, 215.394)	1
000315	(650.822, 189.585)	3
000316	(1109.132, 206.760)	2
000316	(312.766, 215.449)	1
000316	(653.668, 189.560)	3
000317	(1111.979, 209.531)	2
000317	(312.807, 215.443)	1
000317	(653.760, 189.587)	3
000318	(1114.805, 206.744)	2
000318	(312.835, 215.332)	1
000318	(656.570, 189.597)	3
000319	(1117.679, 206.775)	2
000319	(312.792, 215.397)	1
000319	(662.254, 189.554)	3
000320	(1117.715, 206.768)	2
000320	(312.778, 215.388)	1
000320	(670.713, 189.569)	3
000321	(1117.639, 206.763)	2
000321	(312.765, 215.433)	1
000321	(670.856, 189.564)	3
000322	(1114.825, 209.542)	2
000322	(312.774, 218.084)	1
000322	(673.616, 189.486)	3
000323	(1112.034, 203.932)	2
000323	(312.796, 218.134)	1
000323	(673.743, 189.483)	3
000324	(1111.986, 203.933)	2
000324	(312.775, 218.089)	1
000324	(676.563, 189.454)	3
000325	(1109.102, 212.405)	2
000325	(312.779, 215.461)	1
000325	(676.695, 189.433)	3
000326	(1109.037, 212.401)	2
000326	(312.800, 218.109)	1
000326	(679.391, 186.689)	3
000327	(1109.010, 212.391)	2
000327	(312.823, 218.216)	1
000327	(679.367, 186.709)	3
000328	(1106.259, 212.388)	2
000328	(312.826, 218.132)	1
000328	(679.386, 186.703)	3
000329	(1106.231, 212.401)	2
000329	(312.802, 218.073)	1
000329	(679.394, 186.637)	3
000330	(1106.164, 212.403)	2
000330	(312.800, 215.433)	1
000330	(679.364, 186.639)	3
000331	(1103.388, 212.362)	2
000331	(312.773, 215.441)	1
000331	(676.676, 186.622)	3
000332	(1103.299, 212.357)	2
000332	(312.780, 215.440)	1
000332	(676.567, 186.672)	3
000333	(1100.519, 209.655)	2
000333	(312.759, 218.162)	1
000333	(673.773, 186.643)	3
000334	(1100.497, 209.653)	2
000334	(312.731, 218.125)	1
000334	(673.567, 186.736)	3
000335	(1100.457, 212.373)	2
000335	(312.805, 218.096)	1
000335	(670.825, 189.490)	3
000336	(1100.483, 212.360)	2
000336	(312.840, 218.134)	1
000336	(670.704, 189.476)	3
000337	(1100.524, 212.385)	2
000337	(315.554, 215.416)	1
000337	(659.343, 189.526)	3
000338	(1106.090, 212.422)	2
000338	(312.841, 215.419)	1
000338	(656.453, 189.490)	3
000339	(1106.227, 212.441)	2
000339	(312.849, 218.090)	1
000339	(653.688, 189.505)	3
000340	(1108.956, 212.408)	2
000340	(312.827, 218.123)	1
000340	(650.879, 189.493)	3
000341	(1109.005, 212.425)	2
000341	(312.841, 215.421)	1
000341	(650.794, 189.504)	3
000342	(1109.133, 212.385)	2
000342	(312.857, 215.385)	1
000342	(650.733, 189.468)	3
000343	(1111.836, 209.653)	2
000343	(312.807, 215.351)	1
000343	(650.709, 189.471)	3
000344	(1111.953, 209.603)	2
000344	(312.781, 215.373)	1
000344	(650.633, 189.429)	3
000345	(1112.089, 209.603)	2
000345	(312.783, 215.396)	1
000345	(650.592, 186.741)	3
000346	(1114.902, 209.591)	2
000346	(312.812, 215.405)	1
000346	(650.587, 189.468)	3
000347	(1120.489, 209.621)	2
000347	(312.800, 218.090)	1
000347	(647.835, 189.447)	3
000348	(1123.410, 209.632)	2
000348	(312.810, 215.433)	1
000348	(647.820, 189.489)	3
000349	(1129.044, 209.635)	2
000349	(312.785, 215.390)	1
000349	(647.773, 189.491)	3
000350	(1129.133, 212.363)	2
000350	(312.755, 215.392)	1
000350	(645.034, 189.478)	3
000351	(1131.847, 212.358)	2
000351	(312.770, 215.397)	1
000351	(644.956, 189.472)	3
000352	(1131.880, 209.659)	2
000352	(312.762, 215.431)	1
000352	(642.195, 189.475)	3
000353	(1131.871, 209.635)	2
000353	(312.819, 215.429)	1
000353	(642.177, 189.484)	3
000354	(1131.865, 209.647)	2
000354	(315.562, 215.312)	1
000354	(642.153, 189.509)	3
000355	(1131.878, 209.632)	2
000355	(312.807, 215.346)	1
000355	(642.166, 189.524)	3
000356	(1131.876, 209.649)	2
000356	(312.792, 215.371)	1
000356	(645.031, 189.518)	3
000357	(1131.846, 212.357)	2
000357	(312.800, 215.414)	1
000357	(647.805, 189.500)	3
000358	(1129.165, 212.362)	2
000358	(312.822, 215.453)	1
000358	(647.888, 189.525)	3
000359	(1129.113, 209.648)	2
000359	(312.807, 218.104)	1
000359	(650.610, 189.480)	3
000360	(1126.299, 209.643)	2
000360	(312.802, 218.084)	1
000360	(650.689, 189.501)	3
000361	(1126.191, 209.576)	2
000361	(312.782, 215.445)	1
000361	(650.765, 189.504)	3
000362	(1120.565, 209.607)	2
000362	(312.789, 218.089)	1
000362	(653.506, 186.742)	3
000363	(1117.722, 209.634)	2
000363	(312.820, 218.194)	1
000363	(653.673, 189.478)	3
000364	(1114.913, 209.623)	2
000364	(312.839, 218.124)	1
000364	(653.763, 189.476)	3
000365	(1114.833, 209.609)	2
000365	(312.801, 218.073)	1
000365	(656.463, 189.508)	3
000366	(1114.819, 209.581)	2
000366	(312.795, 215.437)	1
000366	(659.340, 189.530)	3
000367	(1114.785, 209.554)	2
000367	(312.777, 215.427)	1
000367	(662.253, 189.525)	3
000368	(1112.088, 209.550)	2
000368	(312.777, 215.463)	1
000368	(667.927, 189.535)	3
000369	(1112.061, 209.601)	2
000369	(312.756, 218.191)	1
000369	(670.722, 189.539)	3
000370	(1112.051, 209.604)	2
000370	(312.740, 218.124)	1
000370	(670.738, 189.503)	3
000371	(1112.053, 209.615)	2
000371	(312.817, 215.467)	1
000371	(670.723, 189.502)	3
000372	(1112.059, 209.614)	2
000372	(315.553, 218.125)	1
000372	(670.683, 189.534)	3
000373	(1112.040, 209.631)	2
000373	(315.565, 215.430)	1
000373	(667.964, 189.555)	3
000374	(1112.028, 209.618)	2
000374	(312.849, 215.424)	1
000374	(667.971, 189.570)	3
000375	(1112.017, 209.602)	2
000375	(312.845, 218.084)	1
000375	(667.981, 189.583)	3
000376	(1112.038, 209.581)	2
000376	(315.548, 218.092)	1
000376	(667.958, 189.605)	3
000377	(1112.073, 209.581)	2
000377	(312.851, 215.449)	1
000377	(667.859, 189.552)	3
000378	(1112.087, 209.578)	2
000378	(312.816, 215.367)	1
000378	(662.269, 189.554)	3
000379	(1112.099, 209.561)	2
000379	(312.814, 215.315)	1
000379	(659.382, 189.563)	3
000380	(1114.767, 209.538)	2
000380	(312.800, 215.315)	1
000380	(659.297, 189.515)	3
000381	(1114.780, 206.776)	2
000381	(312.797, 215.341)	1
000381	(656.471, 189.448)	3
000382	(1114.774, 206.771)	2
000382	(312.816, 215.377)	1
000382	(656.449, 186.712)	3
000383	(1114.774, 206.755)	2
000383	(312.824, 215.461)	1
000383	(653.765, 186.680)	3
000384	(1114.785, 206.735)	2
000384	(312.843, 215.425)	1
000384	(653.730, 186.685)	3
000385	(1114.770, 206.725)	2
000385	(312.789, 215.380)	1
000385	(653.662, 186.711)	3
000386	(1114.770, 206.708)	2
000386	(312.769, 215.399)	1
000386	(653.649, 186.720)	3
000387	(1114.768, 206.708)	2
000387	(312.754, 215.372)	1
000387	(653.632, 186.725)	3
000388	(1114.768, 206.718)	2
000388	(312.761, 215.405)	1
000388	(653.625, 186.734)	3
000389	(1112.107, 206.760)	2
000389	(312.803, 215.424)	1
000389	(653.625, 186.736)	3
000390	(1112.107, 206.775)	2
000390	(315.557, 215.287)	1
000390	(653.624, 186.731)	3
000391	(1112.101, 206.786)	2
000391	(312.813, 215.332)	1
000391	(653.632, 189.435)	3
000392	(1112.095, 206.773)	2
000392	(312.809, 215.364)	1
000392	(653.663, 189.446)	3
000393	(1112.088, 206.766)	2
000393	(312.796, 215.401)	1
000393	(653.686, 189.447)	3
000394	(1112.081, 206.758)	2
000394	(312.806, 215.432)	1
000394	(653.711, 189.454)	3
000395	(1112.079, 206.756)	2
000395	(312.815, 218.086)	1
000395	(653.749, 186.731)	3
000396	(1112.083, 206.769)	2
000396	(312.822, 215.465)	1
000396	(653.778, 186.725)	3
000397	(1112.068, 206.775)	2
000397	(312.799, 215.421)	1
000397	(653.771, 186.720)	3
000398	(1112.064, 206.770)	2
000398	(312.805, 215.467)	1
000398	(653.768, 186.722)	3
000399	(1112.067, 206.777)	2
000399	(312.814, 218.180)	1
000399	(653.762, 186.726)	3
000400	(1112.048, 206.771)	2
000400	(312.853, 218.081)	1
000400	(653.766, 186.725)	3
000401	(1112.017, 206.753)	2
000401	(312.819, 215.446)	1
000401	(653.758, 186.705)	3
000402	(1111.984, 206.762)	2
000402	(312.812, 215.403)	1
000402	(653.754, 186.689)	3
000403	(1111.968, 206.743)	2
000403	(312.804, 215.416)	1
000403	(653.758, 186.706)	3
000404	(1111.940, 206.746)	2
000404	(312.794, 215.430)	1
000404	(653.760, 186.693)	3
000405	(1111.948, 206.771)	2
000405	(312.784, 218.177)	1
000405	(653.741, 186.688)	3
000406	(1111.941, 206.742)	2
000406	(312.765, 218.111)	1
000406	(653.699, 186.693)	3
000407	(1111.922, 206.733)	2
000407	(312.828, 215.468)	1
000407	(653.688, 186.667)	3
000408	(1111.898, 206.719)	2
000408	(315.549, 218.118)	1
000408	(653.689, 186.659)	3
000409	(1111.898, 206.733)	2
000409	(315.559, 215.434)	1
000409	(653.684, 186.656)	3
000410	(1111.906, 206.761)	2
000410	(312.851, 215.468)	1
000410	(653.725, 186.647)	3
000411	(1111.912, 206.755)	2
000411	(315.563, 218.102)	1
000411	(653.740, 186.635)	3
000412	(1111.911, 206.760)	2
000412	(315.553, 218.075)	1
000412	(653.740, 186.643)	3
000413	(1111.920, 206.758)	2
000413	(312.852, 215.409)	1
000413	(653.773, 186.619)	3
000414	(1111.930, 206.769)	2
000414	(312.836, 215.344)	1
000414	(653.784, 186.619)	3
000415	(1111.952, 206.781)	2
000415	(312.815, 215.339)	1
000415	(656.431, 183.850)	3
000416	(1111.968, 206.792)	2
000416	(312.793, 215.329)	1
000416	(656.450, 183.854)	3
000417	(1111.981, 206.792)	2
000417	(312.808, 215.354)	1
000417	(656.449, 183.855)	3
000418	(1111.999, 209.538)	2
000418	(312.834, 215.392)	1
000418	(656.447, 183.848)	3
000419	(1112.012, 206.789)	2
000419	(312.819, 218.079)	1
000419	(656.448, 183.836)	3
000420	(1112.021, 209.550)	2
000420	(312.853, 215.415)	1
000420	(656.440, 183.839)	3
000421	(1112.015, 209.542)	2
000421	(312.814, 215.347)	1
000421	(656.447, 183.842)	3
000422	(1112.013, 209.532)	2
000422	(312.769, 215.378)	1
000422	(656.452, 183.851)	3
000423	(1112.016, 206.781)	2
000423	(312.764, 215.362)	1
000423	(656.453, 183.861)	3
000424	(1112.011, 206.768)	2
000424	(312.769, 215.412)	1
000424	(656.450, 183.857)	3
000425	(1112.002, 206.756)	2
000425	(312.795, 215.418)	1
000425	(656.456, 183.878)	3
000426	(1112.004, 206.747)	2
000426	(312.832, 215.298)	1
000426	(656.459, 186.616)	3
000427	(1112.010, 206.734)	2
000427	(312.806, 215.312)	1
000427	(656.464, 186.639)	3
000428	(1112.013, 206.739)	2
000428	(312.791, 215.356)	1
000428	(656.462, 186.643)	3
000429	(1112.008, 206.726)	2
000429	(312.792, 215.365)	1
000429	(656.457, 186.659)	3
000430	(1112.009, 206.711)	2
000430	(312.798, 215.402)	1
000430	(656.454, 186.658)	3
000431	(1112.006, 206.702)	2
000431	(312.807, 218.099)	1
000431	(656.463, 186.674)	3
000432	(1112.005, 206.704)	2
000432	(312.823, 215.469)	1
000432	(656.455, 186.662)	3
000433	(1112.004, 206.691)	2
000433	(312.786, 215.423)	1
000433	(656.446, 186.676)	3
000434	(1112.010, 203.925)	2
000434	(312.790, 218.089)	1
000434	(656.440, 186.686)	3
000435	(1112.013, 203.924)	2
000435	(312.813, 218.170)	1
000435	(656.437, 186.694)	3
000436	(1112.008, 203.913)	2
000436	(312.835, 218.096)	1
000436	(656.444, 186.701)	3
000437	(1112.003, 203.909)	2
000437	(312.798, 215.409)	1
000437	(656.437, 186.711)	3
000438	(1111.986, 203.911)	2
000438	(312.792, 215.411)	1
000438	(656.427, 186.721)	3
000439	(1111.976, 203.894)	2
000439	(312.788, 215.402)	1
000439	(656.426, 186.721)	3
000440	(1111.977, 203.879)	2
000440	(312.779, 215.449)	1
000440	(656.425, 186.734)	3
000441	(1111.978, 203.890)	2
000441	(312.768, 218.170)	1
000441	(653.770, 189.438)	3
000442	(1111.963, 203.913)	2
000442	(312.762, 218.111)	1
000442	(653.769, 189.440)	3
000443	(1111.969, 203.909)	2
000443	(312.832, 218.072)	1
000443	(653.761, 189.443)	3
000444	(1111.958, 203.932)	2
000444	(315.573, 218.092)	1
000444	(653.753, 189.443)	3
000445	(1111.951, 203.925)	2
000445	(315.559, 215.417)	1
000445	(653.766, 189.441)	3
000446	(1111.936, 203.916)	2
000446	(312.848, 215.407)	1
000446	(653.775, 189.444)	3
000447	(1111.926, 203.909)	2
000447	(315.548, 215.461)	1
000447	(656.431, 189.448)	3
000448	(1111.918, 203.928)	2
000448	(315.563, 218.094)	1
000448	(656.454, 189.443)	3
000449	(1111.902, 203.913)	2
000449	(315.553, 215.411)	1
000449	(656.432, 189.465)	3
000450	(1111.899, 206.704)	2
000450	(312.825, 215.390)	1
000450	(653.787, 189.444)	3
000451	(1111.852, 203.933)	2
000451	(312.843, 215.350)	1
000451	(653.773, 186.740)	3
000452	(1111.858, 206.723)	2
000452	(312.806, 215.358)	1
000452	(653.778, 186.714)	3
000453	(1111.825, 206.719)	2
000453	(312.805, 215.376)	1
000453	(653.764, 186.685)	3
000454	(1111.817, 206.719)	2
000454	(312.831, 215.407)	1
000454	(653.757, 186.686)	3